Sample	0	1	2	3	4	5	6	7	8	9	10	11	12	13	14	15	16	17	18	19	20	21	22	23	24	25	26	27	28	29	30	31	32	33	34	35
SRR35320041_1	(2.0, 5.0)	(3.0, 0.0)	(4.0, 0.0)	(5.0, 0.0)	(6.0, 0.0)	(7.0, 3.0)	(8.0, 2.0)	(9.0, 3.0)	(10.0, 3.0)	(11.0, 1.0)	(12.0, 2.0)	(13.0, 3.0)	(14.0, 6.0)	(15.0, 4.0)	(16.0, 6.0)	(17.0, 18.0)	(18.0, 65.0)	(19.0, 206.0)	(20.0, 615.0)	(21.0, 1177.0)	(22.0, 1514.0)	(23.0, 1650.0)	(24.0, 1687.0)	(25.0, 1725.0)	(26.0, 1830.0)	(27.0, 1891.0)	(28.0, 2036.0)	(29.0, 2261.0)	(30.0, 2593.0)	(31.0, 2928.0)	(32.0, 3520.0)	(33.0, 4188.0)	(34.0, 5233.0)	(35.0, 7017.0)	(36.0, 12140.0)	(37.0, 17007.0)
SRR35320041_2	(2.0, 1.0)	(3.0, 0.0)	(4.0, 0.0)	(5.0, 0.0)	(6.0, 0.0)	(7.0, 0.0)	(8.0, 0.0)	(9.0, 0.0)	(10.0, 0.0)	(11.0, 0.0)	(12.0, 4.0)	(13.0, 24.0)	(14.0, 36.0)	(15.0, 20.0)	(16.0, 40.0)	(17.0, 51.0)	(18.0, 67.0)	(19.0, 92.0)	(20.0, 122.0)	(21.0, 157.0)	(22.0, 248.0)	(23.0, 614.0)	(24.0, 1343.0)	(25.0, 2033.0)	(26.0, 2335.0)	(27.0, 2830.0)	(28.0, 3235.0)	(29.0, 3899.0)	(30.0, 4670.0)	(31.0, 5611.0)	(32.0, 6715.0)	(33.0, 8235.0)	(34.0, 9934.0)	(35.0, 11450.0)	(36.0, 7306.0)	(37.0, 267.0)
SRR35320051_1	(2.0, 4.0)	(3.0, 0.0)	(4.0, 0.0)	(5.0, 0.0)	(6.0, 0.0)	(7.0, 3.0)	(8.0, 2.0)	(9.0, 0.0)	(10.0, 4.0)	(11.0, 0.0)	(12.0, 4.0)	(13.0, 2.0)	(14.0, 11.0)	(15.0, 9.0)	(16.0, 13.0)	(17.0, 16.0)	(18.0, 76.0)	(19.0, 228.0)	(20.0, 660.0)	(21.0, 1317.0)	(22.0, 1803.0)	(23.0, 1910.0)	(24.0, 2089.0)	(25.0, 2140.0)	(26.0, 2253.0)	(27.0, 2406.0)	(28.0, 2614.0)	(29.0, 2774.0)	(30.0, 3221.0)	(31.0, 3703.0)	(32.0, 4429.0)	(33.0, 5223.0)	(34.0, 6666.0)	(35.0, 8866.0)	(36.0, 15200.0)	(37.0, 20322.0)
SRR35320051_2	(2.0, 1.0)	(3.0, 0.0)	(4.0, 0.0)	(5.0, 0.0)	(6.0, 0.0)	(7.0, 0.0)	(8.0, 0.0)	(9.0, 0.0)	(10.0, 0.0)	(11.0, 0.0)	(12.0, 1.0)	(13.0, 25.0)	(14.0, 42.0)	(15.0, 32.0)	(16.0, 45.0)	(17.0, 69.0)	(18.0, 90.0)	(19.0, 104.0)	(20.0, 128.0)	(21.0, 187.0)	(22.0, 280.0)	(23.0, 614.0)	(24.0, 1493.0)	(25.0, 2220.0)	(26.0, 2866.0)	(27.0, 3396.0)	(28.0, 3853.0)	(29.0, 4743.0)	(30.0, 5582.0)	(31.0, 6745.0)	(32.0, 8385.0)	(33.0, 10425.0)	(34.0, 12768.0)	(35.0, 14708.0)	(36.0, 8877.0)	(37.0, 289.0)
SRR35320062_1	(2.0, 2.0)	(3.0, 0.0)	(4.0, 0.0)	(5.0, 0.0)	(6.0, 2.0)	(7.0, 1.0)	(8.0, 2.0)	(9.0, 0.0)	(10.0, 3.0)	(11.0, 5.0)	(12.0, 2.0)	(13.0, 7.0)	(14.0, 5.0)	(15.0, 6.0)	(16.0, 6.0)	(17.0, 17.0)	(18.0, 51.0)	(19.0, 195.0)	(20.0, 467.0)	(21.0, 1030.0)	(22.0, 1454.0)	(23.0, 1709.0)	(24.0, 1700.0)	(25.0, 1862.0)	(26.0, 1942.0)	(27.0, 2099.0)	(28.0, 2313.0)	(29.0, 2422.0)	(30.0, 2906.0)	(31.0, 3242.0)	(32.0, 3799.0)	(33.0, 4573.0)	(34.0, 5592.0)	(35.0, 7694.0)	(36.0, 13751.0)	(37.0, 21366.0)
SRR35320062_2	(10.0, 1.0)	(11.0, 0.0)	(12.0, 4.0)	(13.0, 29.0)	(14.0, 36.0)	(15.0, 39.0)	(16.0, 39.0)	(17.0, 45.0)	(18.0, 66.0)	(19.0, 97.0)	(20.0, 121.0)	(21.0, 157.0)	(22.0, 268.0)	(23.0, 555.0)	(24.0, 1180.0)	(25.0, 1851.0)	(26.0, 2340.0)	(27.0, 2723.0)	(28.0, 3253.0)	(29.0, 3945.0)	(30.0, 4936.0)	(31.0, 5924.0)	(32.0, 7483.0)	(33.0, 9192.0)	(34.0, 11118.0)	(35.0, 14013.0)	(36.0, 10297.0)	(37.0, 513.0)								
SRR35320071_1	(2.0, 1.0)	(3.0, 0.0)	(4.0, 0.0)	(5.0, 0.0)	(6.0, 0.0)	(7.0, 3.0)	(8.0, 2.0)	(9.0, 2.0)	(10.0, 0.0)	(11.0, 4.0)	(12.0, 3.0)	(13.0, 8.0)	(14.0, 0.0)	(15.0, 7.0)	(16.0, 7.0)	(17.0, 10.0)	(18.0, 50.0)	(19.0, 174.0)	(20.0, 482.0)	(21.0, 891.0)	(22.0, 1317.0)	(23.0, 1438.0)	(24.0, 1558.0)	(25.0, 1655.0)	(26.0, 1695.0)	(27.0, 1793.0)	(28.0, 1989.0)	(29.0, 2181.0)	(30.0, 2404.0)	(31.0, 2785.0)	(32.0, 3336.0)	(33.0, 3909.0)	(34.0, 4823.0)	(35.0, 6531.0)	(36.0, 11398.0)	(37.0, 18581.0)
SRR35320071_2	(12.0, 4.0)	(13.0, 17.0)	(14.0, 28.0)	(15.0, 19.0)	(16.0, 30.0)	(17.0, 58.0)	(18.0, 69.0)	(19.0, 90.0)	(20.0, 101.0)	(21.0, 137.0)	(22.0, 216.0)	(23.0, 485.0)	(24.0, 1023.0)	(25.0, 1632.0)	(26.0, 2139.0)	(27.0, 2537.0)	(28.0, 2933.0)	(29.0, 3646.0)	(30.0, 4311.0)	(31.0, 5150.0)	(32.0, 6265.0)	(33.0, 7752.0)	(34.0, 9573.0)	(35.0, 11590.0)	(36.0, 8826.0)	(37.0, 406.0)										
SRR35320072_1	(17.0, 5.0)	(18.0, 12.0)	(19.0, 46.0)	(20.0, 152.0)	(21.0, 398.0)	(22.0, 587.0)	(23.0, 706.0)	(24.0, 730.0)	(25.0, 819.0)	(26.0, 881.0)	(27.0, 1019.0)	(28.0, 1087.0)	(29.0, 1284.0)	(30.0, 1469.0)	(31.0, 1836.0)	(32.0, 2214.0)	(33.0, 2714.0)	(34.0, 3541.0)	(35.0, 5063.0)	(36.0, 9594.0)	(37.0, 12358.0)															
SRR35320072_2	(12.0, 2.0)	(13.0, 17.0)	(14.0, 25.0)	(15.0, 14.0)	(16.0, 20.0)	(17.0, 30.0)	(18.0, 27.0)	(19.0, 45.0)	(20.0, 61.0)	(21.0, 79.0)	(22.0, 117.0)	(23.0, 212.0)	(24.0, 474.0)	(25.0, 820.0)	(26.0, 1180.0)	(27.0, 1442.0)	(28.0, 1797.0)	(29.0, 2352.0)	(30.0, 2843.0)	(31.0, 3651.0)	(32.0, 4693.0)	(33.0, 6054.0)	(34.0, 7863.0)	(35.0, 8718.0)	(36.0, 3892.0)	(37.0, 87.0)										
SRR35320073_1	(2.0, 1.0)	(3.0, 0.0)	(4.0, 0.0)	(5.0, 0.0)	(6.0, 0.0)	(7.0, 0.0)	(8.0, 0.0)	(9.0, 0.0)	(10.0, 0.0)	(11.0, 0.0)	(12.0, 0.0)	(13.0, 0.0)	(14.0, 0.0)	(15.0, 0.0)	(16.0, 0.0)	(17.0, 2.0)	(18.0, 6.0)	(19.0, 30.0)	(20.0, 90.0)	(21.0, 331.0)	(22.0, 482.0)	(23.0, 621.0)	(24.0, 699.0)	(25.0, 781.0)	(26.0, 881.0)	(27.0, 914.0)	(28.0, 1031.0)	(29.0, 1179.0)	(30.0, 1445.0)	(31.0, 1639.0)	(32.0, 2061.0)	(33.0, 2474.0)	(34.0, 3278.0)	(35.0, 4805.0)	(36.0, 8930.0)	(37.0, 14059.0)
SRR35320073_2	(12.0, 2.0)	(13.0, 12.0)	(14.0, 12.0)	(15.0, 9.0)	(16.0, 12.0)	(17.0, 28.0)	(18.0, 41.0)	(19.0, 45.0)	(20.0, 59.0)	(21.0, 103.0)	(22.0, 141.0)	(23.0, 234.0)	(24.0, 479.0)	(25.0, 835.0)	(26.0, 1225.0)	(27.0, 1581.0)	(28.0, 1925.0)	(29.0, 2329.0)	(30.0, 2785.0)	(31.0, 3602.0)	(32.0, 4465.0)	(33.0, 5927.0)	(34.0, 7586.0)	(35.0, 8097.0)	(36.0, 4064.0)	(37.0, 141.0)										
SRR35320074_1	(17.0, 3.0)	(18.0, 14.0)	(19.0, 34.0)	(20.0, 118.0)	(21.0, 311.0)	(22.0, 523.0)	(23.0, 680.0)	(24.0, 811.0)	(25.0, 868.0)	(26.0, 1006.0)	(27.0, 1001.0)	(28.0, 1227.0)	(29.0, 1345.0)	(30.0, 1509.0)	(31.0, 1795.0)	(32.0, 2084.0)	(33.0, 2650.0)	(34.0, 3501.0)	(35.0, 5014.0)	(36.0, 9405.0)	(37.0, 16411.0)															
SRR35320074_2	(12.0, 3.0)	(13.0, 13.0)	(14.0, 18.0)	(15.0, 11.0)	(16.0, 22.0)	(17.0, 38.0)	(18.0, 60.0)	(19.0, 52.0)	(20.0, 80.0)	(21.0, 124.0)	(22.0, 218.0)	(23.0, 364.0)	(24.0, 717.0)	(25.0, 1228.0)	(26.0, 1661.0)	(27.0, 1974.0)	(28.0, 2294.0)	(29.0, 2866.0)	(30.0, 3374.0)	(31.0, 4179.0)	(32.0, 5032.0)	(33.0, 6437.0)	(34.0, 7910.0)	(35.0, 8103.0)	(36.0, 3456.0)	(37.0, 76.0)										
SRR35320075_1	(17.0, 1.0)	(18.0, 9.0)	(19.0, 53.0)	(20.0, 149.0)	(21.0, 410.0)	(22.0, 670.0)	(23.0, 634.0)	(24.0, 699.0)	(25.0, 683.0)	(26.0, 714.0)	(27.0, 767.0)	(28.0, 832.0)	(29.0, 960.0)	(30.0, 1220.0)	(31.0, 1358.0)	(32.0, 1646.0)	(33.0, 1970.0)	(34.0, 2566.0)	(35.0, 3682.0)	(36.0, 7277.0)	(37.0, 9284.0)															
SRR35320075_2	(12.0, 1.0)	(13.0, 6.0)	(14.0, 17.0)	(15.0, 11.0)	(16.0, 12.0)	(17.0, 18.0)	(18.0, 36.0)	(19.0, 42.0)	(20.0, 52.0)	(21.0, 74.0)	(22.0, 105.0)	(23.0, 245.0)	(24.0, 507.0)	(25.0, 851.0)	(26.0, 1130.0)	(27.0, 1331.0)	(28.0, 1495.0)	(29.0, 1841.0)	(30.0, 2224.0)	(31.0, 2751.0)	(32.0, 3607.0)	(33.0, 4548.0)	(34.0, 5756.0)	(35.0, 6079.0)	(36.0, 2795.0)	(37.0, 50.0)										
SRR35320076_1	(16.0, 1.0)	(17.0, 1.0)	(18.0, 9.0)	(19.0, 35.0)	(20.0, 109.0)	(21.0, 314.0)	(22.0, 446.0)	(23.0, 519.0)	(24.0, 663.0)	(25.0, 695.0)	(26.0, 840.0)	(27.0, 842.0)	(28.0, 996.0)	(29.0, 1145.0)	(30.0, 1300.0)	(31.0, 1682.0)	(32.0, 1878.0)	(33.0, 2520.0)	(34.0, 3082.0)	(35.0, 4405.0)	(36.0, 8188.0)	(37.0, 14347.0)														
SRR35320076_2	(12.0, 1.0)	(13.0, 6.0)	(14.0, 8.0)	(15.0, 15.0)	(16.0, 22.0)	(17.0, 25.0)	(18.0, 31.0)	(19.0, 63.0)	(20.0, 65.0)	(21.0, 119.0)	(22.0, 168.0)	(23.0, 303.0)	(24.0, 542.0)	(25.0, 849.0)	(26.0, 1241.0)	(27.0, 1512.0)	(28.0, 1857.0)	(29.0, 2453.0)	(30.0, 2993.0)	(31.0, 3618.0)	(32.0, 4512.0)	(33.0, 5492.0)	(34.0, 7024.0)	(35.0, 7476.0)	(36.0, 3540.0)	(37.0, 82.0)										
SRR35320077_1	(17.0, 3.0)	(18.0, 4.0)	(19.0, 39.0)	(20.0, 123.0)	(21.0, 327.0)	(22.0, 479.0)	(23.0, 614.0)	(24.0, 744.0)	(25.0, 794.0)	(26.0, 900.0)	(27.0, 1034.0)	(28.0, 1211.0)	(29.0, 1208.0)	(30.0, 1492.0)	(31.0, 1765.0)	(32.0, 2103.0)	(33.0, 2568.0)	(34.0, 3323.0)	(35.0, 4710.0)	(36.0, 8524.0)	(37.0, 13313.0)															
SRR35320077_2	(12.0, 1.0)	(13.0, 15.0)	(14.0, 20.0)	(15.0, 13.0)	(16.0, 16.0)	(17.0, 32.0)	(18.0, 44.0)	(19.0, 49.0)	(20.0, 68.0)	(21.0, 94.0)	(22.0, 161.0)	(23.0, 279.0)	(24.0, 528.0)	(25.0, 945.0)	(26.0, 1269.0)	(27.0, 1547.0)	(28.0, 1879.0)	(29.0, 2370.0)	(30.0, 3028.0)	(31.0, 3680.0)	(32.0, 4538.0)	(33.0, 5720.0)	(34.0, 6918.0)	(35.0, 7628.0)	(36.0, 4288.0)	(37.0, 148.0)										
SRR35320078_1	(2.0, 1.0)	(3.0, 0.0)	(4.0, 0.0)	(5.0, 0.0)	(6.0, 0.0)	(7.0, 0.0)	(8.0, 0.0)	(9.0, 0.0)	(10.0, 0.0)	(11.0, 0.0)	(12.0, 0.0)	(13.0, 0.0)	(14.0, 3.0)	(15.0, 3.0)	(16.0, 7.0)	(17.0, 8.0)	(18.0, 12.0)	(19.0, 23.0)	(20.0, 91.0)	(21.0, 232.0)	(22.0, 363.0)	(23.0, 497.0)	(24.0, 519.0)	(25.0, 564.0)	(26.0, 718.0)	(27.0, 720.0)	(28.0, 801.0)	(29.0, 1005.0)	(30.0, 1087.0)	(31.0, 1375.0)	(32.0, 1615.0)	(33.0, 2048.0)	(34.0, 2518.0)	(35.0, 3613.0)	(36.0, 6679.0)	(37.0, 10843.0)
SRR35320078_2	(2.0, 1.0)	(3.0, 0.0)	(4.0, 0.0)	(5.0, 0.0)	(6.0, 0.0)	(7.0, 0.0)	(8.0, 0.0)	(9.0, 0.0)	(10.0, 0.0)	(11.0, 0.0)	(12.0, 0.0)	(13.0, 4.0)	(14.0, 9.0)	(15.0, 21.0)	(16.0, 19.0)	(17.0, 19.0)	(18.0, 29.0)	(19.0, 31.0)	(20.0, 46.0)	(21.0, 87.0)	(22.0, 123.0)	(23.0, 228.0)	(24.0, 438.0)	(25.0, 736.0)	(26.0, 1121.0)	(27.0, 1356.0)	(28.0, 1658.0)	(29.0, 2054.0)	(30.0, 2558.0)	(31.0, 3038.0)	(32.0, 3732.0)	(33.0, 4679.0)	(34.0, 5414.0)	(35.0, 5369.0)	(36.0, 2510.0)	(37.0, 65.0)
SRR35320079_1	(2.0, 1.0)	(3.0, 0.0)	(4.0, 0.0)	(5.0, 0.0)	(6.0, 0.0)	(7.0, 0.0)	(8.0, 0.0)	(9.0, 0.0)	(10.0, 0.0)	(11.0, 0.0)	(12.0, 0.0)	(13.0, 0.0)	(14.0, 0.0)	(15.0, 1.0)	(16.0, 2.0)	(17.0, 7.0)	(18.0, 12.0)	(19.0, 30.0)	(20.0, 143.0)	(21.0, 297.0)	(22.0, 501.0)	(23.0, 660.0)	(24.0, 779.0)	(25.0, 818.0)	(26.0, 835.0)	(27.0, 953.0)	(28.0, 1116.0)	(29.0, 1285.0)	(30.0, 1503.0)	(31.0, 1753.0)	(32.0, 1977.0)	(33.0, 2562.0)	(34.0, 3302.0)	(35.0, 4445.0)	(36.0, 8375.0)	(37.0, 14544.0)
SRR35320079_2	(2.0, 1.0)	(3.0, 0.0)	(4.0, 0.0)	(5.0, 0.0)	(6.0, 0.0)	(7.0, 0.0)	(8.0, 0.0)	(9.0, 0.0)	(10.0, 0.0)	(11.0, 0.0)	(12.0, 3.0)	(13.0, 9.0)	(14.0, 24.0)	(15.0, 22.0)	(16.0, 22.0)	(17.0, 27.0)	(18.0, 45.0)	(19.0, 65.0)	(20.0, 58.0)	(21.0, 95.0)	(22.0, 141.0)	(23.0, 253.0)	(24.0, 494.0)	(25.0, 939.0)	(26.0, 1333.0)	(27.0, 1744.0)	(28.0, 2008.0)	(29.0, 2494.0)	(30.0, 3007.0)	(31.0, 3753.0)	(32.0, 4706.0)	(33.0, 5807.0)	(34.0, 7463.0)	(35.0, 7814.0)	(36.0, 3491.0)	(37.0, 83.0)
SRR35320080_1	(2.0, 4.0)	(3.0, 0.0)	(4.0, 0.0)	(5.0, 0.0)	(6.0, 0.0)	(7.0, 0.0)	(8.0, 0.0)	(9.0, 0.0)	(10.0, 0.0)	(11.0, 0.0)	(12.0, 0.0)	(13.0, 0.0)	(14.0, 0.0)	(15.0, 2.0)	(16.0, 4.0)	(17.0, 5.0)	(18.0, 24.0)	(19.0, 96.0)	(20.0, 277.0)	(21.0, 655.0)	(22.0, 898.0)	(23.0, 1076.0)	(24.0, 1149.0)	(25.0, 1180.0)	(26.0, 1371.0)	(27.0, 1440.0)	(28.0, 1537.0)	(29.0, 1661.0)	(30.0, 1993.0)	(31.0, 2205.0)	(32.0, 2579.0)	(33.0, 3107.0)	(34.0, 4084.0)	(35.0, 5653.0)	(36.0, 10596.0)	(37.0, 10875.0)
SRR35320080_2	(2.0, 3.0)	(3.0, 0.0)	(4.0, 0.0)	(5.0, 0.0)	(6.0, 0.0)	(7.0, 0.0)	(8.0, 0.0)	(9.0, 0.0)	(10.0, 0.0)	(11.0, 0.0)	(12.0, 1.0)	(13.0, 12.0)	(14.0, 29.0)	(15.0, 22.0)	(16.0, 38.0)	(17.0, 41.0)	(18.0, 54.0)	(19.0, 63.0)	(20.0, 136.0)	(21.0, 148.0)	(22.0, 334.0)	(23.0, 570.0)	(24.0, 1174.0)	(25.0, 1679.0)	(26.0, 2154.0)	(27.0, 2541.0)	(28.0, 3032.0)	(29.0, 3704.0)	(30.0, 4372.0)	(31.0, 5102.0)	(32.0, 6133.0)	(33.0, 6817.0)	(34.0, 7575.0)	(35.0, 5677.0)	(36.0, 1044.0)	(37.0, 16.0)
SRR35320081_1	(2.0, 1.0)	(3.0, 0.0)	(4.0, 0.0)	(5.0, 0.0)	(6.0, 0.0)	(7.0, 0.0)	(8.0, 0.0)	(9.0, 0.0)	(10.0, 0.0)	(11.0, 0.0)	(12.0, 0.0)	(13.0, 0.0)	(14.0, 0.0)	(15.0, 1.0)	(16.0, 0.0)	(17.0, 3.0)	(18.0, 13.0)	(19.0, 32.0)	(20.0, 112.0)	(21.0, 326.0)	(22.0, 519.0)	(23.0, 633.0)	(24.0, 666.0)	(25.0, 713.0)	(26.0, 812.0)	(27.0, 811.0)	(28.0, 975.0)	(29.0, 1035.0)	(30.0, 1194.0)	(31.0, 1314.0)	(32.0, 1627.0)	(33.0, 2090.0)	(34.0, 2613.0)	(35.0, 3640.0)	(36.0, 6809.0)	(37.0, 8564.0)
SRR35320081_2	(2.0, 1.0)	(3.0, 0.0)	(4.0, 0.0)	(5.0, 0.0)	(6.0, 0.0)	(7.0, 0.0)	(8.0, 0.0)	(9.0, 0.0)	(10.0, 0.0)	(11.0, 0.0)	(12.0, 0.0)	(13.0, 3.0)	(14.0, 12.0)	(15.0, 13.0)	(16.0, 12.0)	(17.0, 28.0)	(18.0, 33.0)	(19.0, 54.0)	(20.0, 49.0)	(21.0, 89.0)	(22.0, 155.0)	(23.0, 351.0)	(24.0, 758.0)	(25.0, 1171.0)	(26.0, 1452.0)	(27.0, 1580.0)	(28.0, 1843.0)	(29.0, 2138.0)	(30.0, 2660.0)	(31.0, 3149.0)	(32.0, 3970.0)	(33.0, 4646.0)	(34.0, 4676.0)	(35.0, 3971.0)	(36.0, 1655.0)	(37.0, 34.0)
SRR35320082_1	(2.0, 1.0)	(3.0, 0.0)	(4.0, 0.0)	(5.0, 0.0)	(6.0, 0.0)	(7.0, 0.0)	(8.0, 0.0)	(9.0, 0.0)	(10.0, 0.0)	(11.0, 0.0)	(12.0, 0.0)	(13.0, 0.0)	(14.0, 0.0)	(15.0, 0.0)	(16.0, 0.0)	(17.0, 4.0)	(18.0, 7.0)	(19.0, 27.0)	(20.0, 121.0)	(21.0, 277.0)	(22.0, 438.0)	(23.0, 546.0)	(24.0, 602.0)	(25.0, 635.0)	(26.0, 697.0)	(27.0, 782.0)	(28.0, 899.0)	(29.0, 1027.0)	(30.0, 1177.0)	(31.0, 1439.0)	(32.0, 1707.0)	(33.0, 2228.0)	(34.0, 2753.0)	(35.0, 3877.0)	(36.0, 7291.0)	(37.0, 13166.0)
SRR35320082_2	(2.0, 1.0)	(3.0, 0.0)	(4.0, 0.0)	(5.0, 0.0)	(6.0, 0.0)	(7.0, 0.0)	(8.0, 0.0)	(9.0, 0.0)	(10.0, 0.0)	(11.0, 0.0)	(12.0, 0.0)	(13.0, 7.0)	(14.0, 22.0)	(15.0, 20.0)	(16.0, 14.0)	(17.0, 33.0)	(18.0, 31.0)	(19.0, 40.0)	(20.0, 57.0)	(21.0, 89.0)	(22.0, 145.0)	(23.0, 251.0)	(24.0, 494.0)	(25.0, 809.0)	(26.0, 1071.0)	(27.0, 1302.0)	(28.0, 1625.0)	(29.0, 2049.0)	(30.0, 2540.0)	(31.0, 3136.0)	(32.0, 3888.0)	(33.0, 4907.0)	(34.0, 6258.0)	(35.0, 7117.0)	(36.0, 3682.0)	(37.0, 113.0)
SRR35320083_2	(2.0, 1.0)	(3.0, 0.0)	(4.0, 0.0)	(5.0, 0.0)	(6.0, 0.0)	(7.0, 0.0)	(8.0, 0.0)	(9.0, 0.0)	(10.0, 0.0)	(11.0, 0.0)	(12.0, 1.0)	(13.0, 11.0)	(14.0, 26.0)	(15.0, 17.0)	(16.0, 21.0)	(17.0, 45.0)	(18.0, 43.0)	(19.0, 73.0)	(20.0, 60.0)	(21.0, 110.0)	(22.0, 149.0)	(23.0, 318.0)	(24.0, 613.0)	(25.0, 1141.0)	(26.0, 1538.0)	(27.0, 1972.0)	(28.0, 2229.0)	(29.0, 2698.0)	(30.0, 3144.0)	(31.0, 3892.0)	(32.0, 4758.0)	(33.0, 6236.0)	(34.0, 8151.0)	(35.0, 9326.0)	(36.0, 4240.0)	(37.0, 61.0)
SRR35320084_1	(2.0, 2.0)	(3.0, 0.0)	(4.0, 0.0)	(5.0, 0.0)	(6.0, 0.0)	(7.0, 0.0)	(8.0, 0.0)	(9.0, 0.0)	(10.0, 0.0)	(11.0, 0.0)	(12.0, 0.0)	(13.0, 0.0)	(14.0, 0.0)	(15.0, 0.0)	(16.0, 0.0)	(17.0, 2.0)	(18.0, 10.0)	(19.0, 81.0)	(20.0, 228.0)	(21.0, 491.0)	(22.0, 749.0)	(23.0, 841.0)	(24.0, 928.0)	(25.0, 944.0)	(26.0, 1132.0)	(27.0, 1092.0)	(28.0, 1241.0)	(29.0, 1426.0)	(30.0, 1640.0)	(31.0, 1959.0)	(32.0, 2373.0)	(33.0, 2939.0)	(34.0, 3777.0)	(35.0, 5458.0)	(36.0, 10468.0)	(37.0, 14543.0)
SRR35320084_2	(2.0, 2.0)	(3.0, 0.0)	(4.0, 0.0)	(5.0, 0.0)	(6.0, 0.0)	(7.0, 0.0)	(8.0, 0.0)	(9.0, 0.0)	(10.0, 0.0)	(11.0, 1.0)	(12.0, 0.0)	(13.0, 10.0)	(14.0, 16.0)	(15.0, 20.0)	(16.0, 15.0)	(17.0, 30.0)	(18.0, 51.0)	(19.0, 67.0)	(20.0, 83.0)	(21.0, 109.0)	(22.0, 177.0)	(23.0, 340.0)	(24.0, 624.0)	(25.0, 1014.0)	(26.0, 1561.0)	(27.0, 1882.0)	(28.0, 2135.0)	(29.0, 2693.0)	(30.0, 3176.0)	(31.0, 3981.0)	(32.0, 4988.0)	(33.0, 6489.0)	(34.0, 8555.0)	(35.0, 9687.0)	(36.0, 4483.0)	(37.0, 135.0)
SRR35320085_1	(16.0, 2.0)	(17.0, 2.0)	(18.0, 17.0)	(19.0, 57.0)	(20.0, 208.0)	(21.0, 461.0)	(22.0, 686.0)	(23.0, 797.0)	(24.0, 829.0)	(25.0, 844.0)	(26.0, 957.0)	(27.0, 1030.0)	(28.0, 1147.0)	(29.0, 1297.0)	(30.0, 1484.0)	(31.0, 1784.0)	(32.0, 2157.0)	(33.0, 2554.0)	(34.0, 3457.0)	(35.0, 4989.0)	(36.0, 9578.0)	(37.0, 15660.0)														
SRR35320085_2	(12.0, 1.0)	(13.0, 11.0)	(14.0, 18.0)	(15.0, 13.0)	(16.0, 17.0)	(17.0, 23.0)	(18.0, 37.0)	(19.0, 57.0)	(20.0, 63.0)	(21.0, 92.0)	(22.0, 163.0)	(23.0, 305.0)	(24.0, 574.0)	(25.0, 1016.0)	(26.0, 1429.0)	(27.0, 1625.0)	(28.0, 2032.0)	(29.0, 2452.0)	(30.0, 2978.0)	(31.0, 3765.0)	(32.0, 4657.0)	(33.0, 6111.0)	(34.0, 7927.0)	(35.0, 9420.0)	(36.0, 4972.0)	(37.0, 239.0)										
SRR35320086_1	(17.0, 1.0)	(18.0, 10.0)	(19.0, 32.0)	(20.0, 134.0)	(21.0, 338.0)	(22.0, 512.0)	(23.0, 646.0)	(24.0, 645.0)	(25.0, 715.0)	(26.0, 756.0)	(27.0, 807.0)	(28.0, 871.0)	(29.0, 960.0)	(30.0, 1163.0)	(31.0, 1300.0)	(32.0, 1655.0)	(33.0, 2021.0)	(34.0, 2613.0)	(35.0, 3597.0)	(36.0, 6859.0)	(37.0, 11671.0)															
SRR35320086_2	(12.0, 3.0)	(13.0, 6.0)	(14.0, 11.0)	(15.0, 11.0)	(16.0, 12.0)	(17.0, 20.0)	(18.0, 43.0)	(19.0, 46.0)	(20.0, 62.0)	(21.0, 84.0)	(22.0, 121.0)	(23.0, 250.0)	(24.0, 546.0)	(25.0, 825.0)	(26.0, 1173.0)	(27.0, 1475.0)	(28.0, 1665.0)	(29.0, 2015.0)	(30.0, 2453.0)	(31.0, 2980.0)	(32.0, 3608.0)	(33.0, 4641.0)	(34.0, 5793.0)	(35.0, 6581.0)	(36.0, 2829.0)	(37.0, 53.0)										
SRR35320087_1	(2.0, 2.0)	(3.0, 0.0)	(4.0, 0.0)	(5.0, 0.0)	(6.0, 0.0)	(7.0, 0.0)	(8.0, 0.0)	(9.0, 0.0)	(10.0, 0.0)	(11.0, 0.0)	(12.0, 0.0)	(13.0, 0.0)	(14.0, 0.0)	(15.0, 0.0)	(16.0, 1.0)	(17.0, 7.0)	(18.0, 17.0)	(19.0, 60.0)	(20.0, 193.0)	(21.0, 417.0)	(22.0, 689.0)	(23.0, 762.0)	(24.0, 838.0)	(25.0, 896.0)	(26.0, 1016.0)	(27.0, 1042.0)	(28.0, 1125.0)	(29.0, 1313.0)	(30.0, 1502.0)	(31.0, 1882.0)	(32.0, 2184.0)	(33.0, 2632.0)	(34.0, 3498.0)	(35.0, 5032.0)	(36.0, 9608.0)	(37.0, 15050.0)
SRR35320087_2	(2.0, 2.0)	(3.0, 0.0)	(4.0, 0.0)	(5.0, 0.0)	(6.0, 0.0)	(7.0, 0.0)	(8.0, 0.0)	(9.0, 0.0)	(10.0, 0.0)	(11.0, 0.0)	(12.0, 1.0)	(13.0, 12.0)	(14.0, 20.0)	(15.0, 13.0)	(16.0, 26.0)	(17.0, 29.0)	(18.0, 42.0)	(19.0, 58.0)	(20.0, 83.0)	(21.0, 122.0)	(22.0, 192.0)	(23.0, 328.0)	(24.0, 590.0)	(25.0, 855.0)	(26.0, 1322.0)	(27.0, 1626.0)	(28.0, 2017.0)	(29.0, 2516.0)	(30.0, 3121.0)	(31.0, 3833.0)	(32.0, 4802.0)	(33.0, 6040.0)	(34.0, 7372.0)	(35.0, 8662.0)	(36.0, 5739.0)	(37.0, 343.0)
SRR35320088_1	(2.0, 1.0)	(3.0, 0.0)	(4.0, 0.0)	(5.0, 0.0)	(6.0, 0.0)	(7.0, 0.0)	(8.0, 0.0)	(9.0, 0.0)	(10.0, 0.0)	(11.0, 0.0)	(12.0, 0.0)	(13.0, 0.0)	(14.0, 0.0)	(15.0, 0.0)	(16.0, 1.0)	(17.0, 1.0)	(18.0, 7.0)	(19.0, 42.0)	(20.0, 130.0)	(21.0, 311.0)	(22.0, 491.0)	(23.0, 564.0)	(24.0, 637.0)	(25.0, 706.0)	(26.0, 742.0)	(27.0, 847.0)	(28.0, 930.0)	(29.0, 1063.0)	(30.0, 1241.0)	(31.0, 1542.0)	(32.0, 1809.0)	(33.0, 2158.0)	(34.0, 2851.0)	(35.0, 4142.0)	(36.0, 7817.0)	(37.0, 13031.0)
SRR35320088_2	(12.0, 1.0)	(13.0, 16.0)	(14.0, 20.0)	(15.0, 22.0)	(16.0, 16.0)	(17.0, 26.0)	(18.0, 44.0)	(19.0, 53.0)	(20.0, 62.0)	(21.0, 89.0)	(22.0, 140.0)	(23.0, 259.0)	(24.0, 492.0)	(25.0, 809.0)	(26.0, 1120.0)	(27.0, 1389.0)	(28.0, 1627.0)	(29.0, 2064.0)	(30.0, 2558.0)	(31.0, 3086.0)	(32.0, 3818.0)	(33.0, 4905.0)	(34.0, 6031.0)	(35.0, 6996.0)	(36.0, 4960.0)	(37.0, 461.0)										
SRR35320089_1	(2.0, 1.0)	(3.0, 0.0)	(4.0, 0.0)	(5.0, 0.0)	(6.0, 0.0)	(7.0, 0.0)	(8.0, 0.0)	(9.0, 0.0)	(10.0, 0.0)	(11.0, 0.0)	(12.0, 0.0)	(13.0, 0.0)	(14.0, 0.0)	(15.0, 0.0)	(16.0, 0.0)	(17.0, 3.0)	(18.0, 12.0)	(19.0, 52.0)	(20.0, 168.0)	(21.0, 403.0)	(22.0, 651.0)	(23.0, 803.0)	(24.0, 822.0)	(25.0, 872.0)	(26.0, 960.0)	(27.0, 1023.0)	(28.0, 1125.0)	(29.0, 1328.0)	(30.0, 1506.0)	(31.0, 1785.0)	(32.0, 2073.0)	(33.0, 2557.0)	(34.0, 3327.0)	(35.0, 4819.0)	(36.0, 9162.0)	(37.0, 14291.0)
SRR35320089_2	(2.0, 1.0)	(3.0, 0.0)	(4.0, 0.0)	(5.0, 0.0)	(6.0, 0.0)	(7.0, 0.0)	(8.0, 0.0)	(9.0, 0.0)	(10.0, 0.0)	(11.0, 0.0)	(12.0, 4.0)	(13.0, 18.0)	(14.0, 20.0)	(15.0, 30.0)	(16.0, 26.0)	(17.0, 30.0)	(18.0, 52.0)	(19.0, 59.0)	(20.0, 70.0)	(21.0, 103.0)	(22.0, 169.0)	(23.0, 279.0)	(24.0, 509.0)	(25.0, 915.0)	(26.0, 1413.0)	(27.0, 1735.0)	(28.0, 2078.0)	(29.0, 2508.0)	(30.0, 3147.0)	(31.0, 3788.0)	(32.0, 4694.0)	(33.0, 6004.0)	(34.0, 7801.0)	(35.0, 8492.0)	(36.0, 3699.0)	(37.0, 99.0)
SRR35320090_1	(14.0, 5.0)	(15.0, 5.0)	(16.0, 5.0)	(17.0, 5.0)	(18.0, 10.0)	(19.0, 29.0)	(20.0, 107.0)	(21.0, 341.0)	(22.0, 511.0)	(23.0, 591.0)	(24.0, 709.0)	(25.0, 806.0)	(26.0, 826.0)	(27.0, 950.0)	(28.0, 1013.0)	(29.0, 1143.0)	(30.0, 1437.0)	(31.0, 1681.0)	(32.0, 2098.0)	(33.0, 2401.0)	(34.0, 3183.0)	(35.0, 4428.0)	(36.0, 8531.0)	(37.0, 14149.0)												
SRR35320090_2	(12.0, 3.0)	(13.0, 11.0)	(14.0, 24.0)	(15.0, 17.0)	(16.0, 22.0)	(17.0, 18.0)	(18.0, 51.0)	(19.0, 55.0)	(20.0, 59.0)	(21.0, 93.0)	(22.0, 163.0)	(23.0, 278.0)	(24.0, 513.0)	(25.0, 916.0)	(26.0, 1332.0)	(27.0, 1620.0)	(28.0, 1971.0)	(29.0, 2418.0)	(30.0, 2923.0)	(31.0, 3610.0)	(32.0, 4435.0)	(33.0, 5484.0)	(34.0, 7144.0)	(35.0, 7966.0)	(36.0, 3739.0)	(37.0, 99.0)										
SRR35320091_1	(2.0, 1.0)	(3.0, 0.0)	(4.0, 0.0)	(5.0, 0.0)	(6.0, 0.0)	(7.0, 0.0)	(8.0, 0.0)	(9.0, 0.0)	(10.0, 0.0)	(11.0, 0.0)	(12.0, 0.0)	(13.0, 1.0)	(14.0, 1.0)	(15.0, 5.0)	(16.0, 9.0)	(17.0, 9.0)	(18.0, 18.0)	(19.0, 45.0)	(20.0, 169.0)	(21.0, 418.0)	(22.0, 643.0)	(23.0, 830.0)	(24.0, 969.0)	(25.0, 985.0)	(26.0, 1084.0)	(27.0, 1160.0)	(28.0, 1277.0)	(29.0, 1465.0)	(30.0, 1666.0)	(31.0, 2005.0)	(32.0, 2355.0)	(33.0, 2858.0)	(34.0, 3763.0)	(35.0, 5374.0)	(36.0, 10016.0)	(37.0, 15854.0)
SRR35320091_2	(2.0, 1.0)	(3.0, 0.0)	(4.0, 0.0)	(5.0, 0.0)	(6.0, 0.0)	(7.0, 0.0)	(8.0, 0.0)	(9.0, 0.0)	(10.0, 0.0)	(11.0, 0.0)	(12.0, 4.0)	(13.0, 15.0)	(14.0, 19.0)	(15.0, 25.0)	(16.0, 24.0)	(17.0, 40.0)	(18.0, 43.0)	(19.0, 70.0)	(20.0, 76.0)	(21.0, 104.0)	(22.0, 193.0)	(23.0, 414.0)	(24.0, 824.0)	(25.0, 1449.0)	(26.0, 1727.0)	(27.0, 2107.0)	(28.0, 2471.0)	(29.0, 2995.0)	(30.0, 3578.0)	(31.0, 4473.0)	(32.0, 5546.0)	(33.0, 6897.0)	(34.0, 8128.0)	(35.0, 8185.0)	(36.0, 3486.0)	(37.0, 86.0)
SRR35320092_1	(2.0, 5.0)	(3.0, 0.0)	(4.0, 0.0)	(5.0, 0.0)	(6.0, 1.0)	(7.0, 5.0)	(8.0, 2.0)	(9.0, 3.0)	(10.0, 4.0)	(11.0, 2.0)	(12.0, 5.0)	(13.0, 3.0)	(14.0, 9.0)	(15.0, 1.0)	(16.0, 15.0)	(17.0, 11.0)	(18.0, 39.0)	(19.0, 154.0)	(20.0, 408.0)	(21.0, 873.0)	(22.0, 1226.0)	(23.0, 1483.0)	(24.0, 1514.0)	(25.0, 1623.0)	(26.0, 1708.0)	(27.0, 1852.0)	(28.0, 2041.0)	(29.0, 2245.0)	(30.0, 2521.0)	(31.0, 2963.0)	(32.0, 3396.0)	(33.0, 4222.0)	(34.0, 5265.0)	(35.0, 7137.0)	(36.0, 12800.0)	(37.0, 19199.0)
SRR35320092_2	(2.0, 1.0)	(3.0, 0.0)	(4.0, 0.0)	(5.0, 0.0)	(6.0, 0.0)	(7.0, 0.0)	(8.0, 0.0)	(9.0, 0.0)	(10.0, 0.0)	(11.0, 0.0)	(12.0, 1.0)	(13.0, 14.0)	(14.0, 32.0)	(15.0, 21.0)	(16.0, 29.0)	(17.0, 38.0)	(18.0, 63.0)	(19.0, 63.0)	(20.0, 108.0)	(21.0, 154.0)	(22.0, 226.0)	(23.0, 434.0)	(24.0, 982.0)	(25.0, 1547.0)	(26.0, 2066.0)	(27.0, 2513.0)	(28.0, 2977.0)	(29.0, 3592.0)	(30.0, 4358.0)	(31.0, 5633.0)	(32.0, 6609.0)	(33.0, 8172.0)	(34.0, 10264.0)	(35.0, 12990.0)	(36.0, 9428.0)	(37.0, 420.0)
SRR35320093_1	(2.0, 11.0)	(3.0, 0.0)	(4.0, 0.0)	(5.0, 0.0)	(6.0, 0.0)	(7.0, 0.0)	(8.0, 0.0)	(9.0, 0.0)	(10.0, 0.0)	(11.0, 0.0)	(12.0, 0.0)	(13.0, 0.0)	(14.0, 0.0)	(15.0, 0.0)	(16.0, 0.0)	(17.0, 0.0)	(18.0, 6.0)	(19.0, 27.0)	(20.0, 89.0)	(21.0, 246.0)	(22.0, 387.0)	(23.0, 485.0)	(24.0, 509.0)	(25.0, 540.0)	(26.0, 625.0)	(27.0, 638.0)	(28.0, 745.0)	(29.0, 846.0)	(30.0, 987.0)	(31.0, 1244.0)	(32.0, 1516.0)	(33.0, 2197.0)	(34.0, 3385.0)	(35.0, 5572.0)	(36.0, 10260.0)	(37.0, 8850.0)
SRR35320093_2	(2.0, 6.0)	(3.0, 0.0)	(4.0, 0.0)	(5.0, 0.0)	(6.0, 0.0)	(7.0, 0.0)	(8.0, 0.0)	(9.0, 0.0)	(10.0, 0.0)	(11.0, 0.0)	(12.0, 0.0)	(13.0, 1.0)	(14.0, 17.0)	(15.0, 23.0)	(16.0, 15.0)	(17.0, 34.0)	(18.0, 47.0)	(19.0, 54.0)	(20.0, 89.0)	(21.0, 116.0)	(22.0, 226.0)	(23.0, 402.0)	(24.0, 751.0)	(25.0, 1171.0)	(26.0, 1570.0)	(27.0, 2060.0)	(28.0, 2676.0)	(29.0, 3516.0)	(30.0, 4865.0)	(31.0, 6520.0)	(32.0, 7269.0)	(33.0, 5591.0)	(34.0, 1979.0)	(35.0, 160.0)	(36.0, 4.0)	(37.0, 3.0)
SRR35320094_1	(2.0, 6.0)	(3.0, 0.0)	(4.0, 0.0)	(5.0, 0.0)	(6.0, 0.0)	(7.0, 0.0)	(8.0, 0.0)	(9.0, 0.0)	(10.0, 0.0)	(11.0, 0.0)	(12.0, 0.0)	(13.0, 0.0)	(14.0, 0.0)	(15.0, 0.0)	(16.0, 0.0)	(17.0, 3.0)	(18.0, 7.0)	(19.0, 33.0)	(20.0, 84.0)	(21.0, 283.0)	(22.0, 511.0)	(23.0, 662.0)	(24.0, 696.0)	(25.0, 797.0)	(26.0, 771.0)	(27.0, 809.0)	(28.0, 916.0)	(29.0, 1038.0)	(30.0, 1289.0)	(31.0, 1563.0)	(32.0, 2028.0)	(33.0, 2736.0)	(34.0, 4252.0)	(35.0, 6895.0)	(36.0, 12007.0)	(37.0, 9144.0)
SRR35320094_2	(2.0, 7.0)	(3.0, 0.0)	(4.0, 0.0)	(5.0, 0.0)	(6.0, 0.0)	(7.0, 0.0)	(8.0, 0.0)	(9.0, 0.0)	(10.0, 0.0)	(11.0, 0.0)	(12.0, 0.0)	(13.0, 3.0)	(14.0, 13.0)	(15.0, 23.0)	(16.0, 23.0)	(17.0, 33.0)	(18.0, 37.0)	(19.0, 55.0)	(20.0, 91.0)	(21.0, 121.0)	(22.0, 242.0)	(23.0, 433.0)	(24.0, 866.0)	(25.0, 1316.0)	(26.0, 1846.0)	(27.0, 2450.0)	(28.0, 3239.0)	(29.0, 4439.0)	(30.0, 6229.0)	(31.0, 7678.0)	(32.0, 8039.0)	(33.0, 6516.0)	(34.0, 2552.0)	(35.0, 267.0)	(36.0, 8.0)	(37.0, 4.0)
SRR35320095_1	(2.0, 1.0)	(3.0, 0.0)	(4.0, 0.0)	(5.0, 0.0)	(6.0, 0.0)	(7.0, 2.0)	(8.0, 0.0)	(9.0, 1.0)	(10.0, 4.0)	(11.0, 2.0)	(12.0, 1.0)	(13.0, 2.0)	(14.0, 4.0)	(15.0, 2.0)	(16.0, 5.0)	(17.0, 11.0)	(18.0, 38.0)	(19.0, 119.0)	(20.0, 315.0)	(21.0, 680.0)	(22.0, 1085.0)	(23.0, 1283.0)	(24.0, 1374.0)	(25.0, 1498.0)	(26.0, 1606.0)	(27.0, 1593.0)	(28.0, 1851.0)	(29.0, 2011.0)	(30.0, 2234.0)	(31.0, 2704.0)	(32.0, 3109.0)	(33.0, 3669.0)	(34.0, 4680.0)	(35.0, 6247.0)	(36.0, 11025.0)	(37.0, 15563.0)
SRR35320095_2	(11.0, 1.0)	(12.0, 2.0)	(13.0, 18.0)	(14.0, 24.0)	(15.0, 32.0)	(16.0, 32.0)	(17.0, 43.0)	(18.0, 77.0)	(19.0, 78.0)	(20.0, 108.0)	(21.0, 170.0)	(22.0, 260.0)	(23.0, 462.0)	(24.0, 881.0)	(25.0, 1630.0)	(26.0, 2356.0)	(27.0, 2729.0)	(28.0, 3275.0)	(29.0, 3771.0)	(30.0, 4405.0)	(31.0, 5243.0)	(32.0, 6163.0)	(33.0, 7222.0)	(34.0, 8451.0)	(35.0, 9506.0)	(36.0, 5565.0)	(37.0, 215.0)									
SRR35320100_1	(2.0, 2.0)	(3.0, 0.0)	(4.0, 0.0)	(5.0, 0.0)	(6.0, 0.0)	(7.0, 4.0)	(8.0, 1.0)	(9.0, 3.0)	(10.0, 1.0)	(11.0, 4.0)	(12.0, 3.0)	(13.0, 3.0)	(14.0, 5.0)	(15.0, 3.0)	(16.0, 10.0)	(17.0, 20.0)	(18.0, 68.0)	(19.0, 216.0)	(20.0, 622.0)	(21.0, 1185.0)	(22.0, 1744.0)	(23.0, 1960.0)	(24.0, 1956.0)	(25.0, 2066.0)	(26.0, 2266.0)	(27.0, 2491.0)	(28.0, 2608.0)	(29.0, 2787.0)	(30.0, 3252.0)	(31.0, 3774.0)	(32.0, 4408.0)	(33.0, 5201.0)	(34.0, 6460.0)	(35.0, 8810.0)	(36.0, 15191.0)	(37.0, 22110.0)
SRR35320100_2	(2.0, 1.0)	(3.0, 0.0)	(4.0, 0.0)	(5.0, 0.0)	(6.0, 0.0)	(7.0, 0.0)	(8.0, 0.0)	(9.0, 0.0)	(10.0, 0.0)	(11.0, 1.0)	(12.0, 4.0)	(13.0, 26.0)	(14.0, 39.0)	(15.0, 43.0)	(16.0, 41.0)	(17.0, 51.0)	(18.0, 75.0)	(19.0, 109.0)	(20.0, 131.0)	(21.0, 225.0)	(22.0, 364.0)	(23.0, 591.0)	(24.0, 1219.0)	(25.0, 2096.0)	(26.0, 2763.0)	(27.0, 3406.0)	(28.0, 4168.0)	(29.0, 4818.0)	(30.0, 5793.0)	(31.0, 6961.0)	(32.0, 8400.0)	(33.0, 10135.0)	(34.0, 12325.0)	(35.0, 14542.0)	(36.0, 10400.0)	(37.0, 507.0)
SRR35320110_1	(2.0, 13.0)	(3.0, 0.0)	(4.0, 0.0)	(5.0, 0.0)	(6.0, 0.0)	(7.0, 0.0)	(8.0, 0.0)	(9.0, 0.0)	(10.0, 0.0)	(11.0, 0.0)	(12.0, 0.0)	(13.0, 0.0)	(14.0, 0.0)	(15.0, 0.0)	(16.0, 1.0)	(17.0, 2.0)	(18.0, 9.0)	(19.0, 35.0)	(20.0, 155.0)	(21.0, 313.0)	(22.0, 477.0)	(23.0, 557.0)	(24.0, 585.0)	(25.0, 617.0)	(26.0, 671.0)	(27.0, 770.0)	(28.0, 841.0)	(29.0, 947.0)	(30.0, 1139.0)	(31.0, 1378.0)	(32.0, 1852.0)	(33.0, 2440.0)	(34.0, 3739.0)	(35.0, 6042.0)	(36.0, 10725.0)	(37.0, 8569.0)
SRR35320110_2	(2.0, 8.0)	(3.0, 0.0)	(4.0, 0.0)	(5.0, 0.0)	(6.0, 0.0)	(7.0, 0.0)	(8.0, 0.0)	(9.0, 0.0)	(10.0, 0.0)	(11.0, 0.0)	(12.0, 0.0)	(13.0, 0.0)	(14.0, 11.0)	(15.0, 14.0)	(16.0, 28.0)	(17.0, 30.0)	(18.0, 51.0)	(19.0, 74.0)	(20.0, 114.0)	(21.0, 184.0)	(22.0, 278.0)	(23.0, 508.0)	(24.0, 839.0)	(25.0, 1252.0)	(26.0, 1674.0)	(27.0, 2170.0)	(28.0, 2887.0)	(29.0, 3776.0)	(30.0, 5119.0)	(31.0, 6749.0)	(32.0, 7683.0)	(33.0, 6061.0)	(34.0, 2133.0)	(35.0, 230.0)	(36.0, 4.0)	
SRR35320111_1	(2.0, 3.0)	(3.0, 0.0)	(4.0, 0.0)	(5.0, 0.0)	(6.0, 0.0)	(7.0, 0.0)	(8.0, 0.0)	(9.0, 0.0)	(10.0, 0.0)	(11.0, 0.0)	(12.0, 0.0)	(13.0, 0.0)	(14.0, 0.0)	(15.0, 0.0)	(16.0, 2.0)	(17.0, 8.0)	(18.0, 30.0)	(19.0, 123.0)	(20.0, 359.0)	(21.0, 844.0)	(22.0, 1153.0)	(23.0, 1322.0)	(24.0, 1397.0)	(25.0, 1520.0)	(26.0, 1532.0)	(27.0, 1638.0)	(28.0, 1872.0)	(29.0, 2172.0)	(30.0, 2411.0)	(31.0, 2662.0)	(32.0, 3163.0)	(33.0, 3835.0)	(34.0, 4915.0)	(35.0, 6953.0)	(36.0, 12215.0)	(37.0, 10730.0)
SRR35320111_2	(2.0, 2.0)	(3.0, 0.0)	(4.0, 0.0)	(5.0, 0.0)	(6.0, 0.0)	(7.0, 0.0)	(8.0, 0.0)	(9.0, 0.0)	(10.0, 0.0)	(11.0, 0.0)	(12.0, 3.0)	(13.0, 23.0)	(14.0, 14.0)	(15.0, 16.0)	(16.0, 20.0)	(17.0, 38.0)	(18.0, 58.0)	(19.0, 112.0)	(20.0, 137.0)	(21.0, 195.0)	(22.0, 392.0)	(23.0, 766.0)	(24.0, 1459.0)	(25.0, 2227.0)	(26.0, 2814.0)	(27.0, 3267.0)	(28.0, 3710.0)	(29.0, 4493.0)	(30.0, 5190.0)	(31.0, 6001.0)	(32.0, 6906.0)	(33.0, 7882.0)	(34.0, 8145.0)	(35.0, 5906.0)	(36.0, 1072.0)	(37.0, 11.0)
SRR35320112_1	(2.0, 14.0)	(3.0, 0.0)	(4.0, 0.0)	(5.0, 0.0)	(6.0, 0.0)	(7.0, 0.0)	(8.0, 0.0)	(9.0, 0.0)	(10.0, 0.0)	(11.0, 0.0)	(12.0, 0.0)	(13.0, 0.0)	(14.0, 0.0)	(15.0, 0.0)	(16.0, 0.0)	(17.0, 4.0)	(18.0, 52.0)	(19.0, 130.0)	(20.0, 370.0)	(21.0, 891.0)	(22.0, 1257.0)	(23.0, 1336.0)	(24.0, 1406.0)	(25.0, 1522.0)	(26.0, 1591.0)	(27.0, 1680.0)	(28.0, 1844.0)	(29.0, 2085.0)	(30.0, 2309.0)	(31.0, 2760.0)	(32.0, 3075.0)	(33.0, 3873.0)	(34.0, 4743.0)	(35.0, 6695.0)	(36.0, 12321.0)	(37.0, 12483.0)
SRR35320112_2	(2.0, 15.0)	(3.0, 0.0)	(4.0, 0.0)	(5.0, 0.0)	(6.0, 0.0)	(7.0, 0.0)	(8.0, 0.0)	(9.0, 0.0)	(10.0, 0.0)	(11.0, 0.0)	(12.0, 3.0)	(13.0, 18.0)	(14.0, 24.0)	(15.0, 18.0)	(16.0, 24.0)	(17.0, 42.0)	(18.0, 61.0)	(19.0, 89.0)	(20.0, 112.0)	(21.0, 216.0)	(22.0, 398.0)	(23.0, 743.0)	(24.0, 1436.0)	(25.0, 2305.0)	(26.0, 2859.0)	(27.0, 3156.0)	(28.0, 3829.0)	(29.0, 4354.0)	(30.0, 5264.0)	(31.0, 6189.0)	(32.0, 7098.0)	(33.0, 8006.0)	(34.0, 8722.0)	(35.0, 6299.0)	(36.0, 1150.0)	(37.0, 11.0)
SRR35320113_1	(2.0, 12.0)	(3.0, 0.0)	(4.0, 0.0)	(5.0, 0.0)	(6.0, 0.0)	(7.0, 0.0)	(8.0, 0.0)	(9.0, 0.0)	(10.0, 0.0)	(11.0, 0.0)	(12.0, 0.0)	(13.0, 0.0)	(14.0, 0.0)	(15.0, 1.0)	(16.0, 0.0)	(17.0, 7.0)	(18.0, 18.0)	(19.0, 111.0)	(20.0, 387.0)	(21.0, 819.0)	(22.0, 1062.0)	(23.0, 1292.0)	(24.0, 1282.0)	(25.0, 1274.0)	(26.0, 1454.0)	(27.0, 1549.0)	(28.0, 1657.0)	(29.0, 1878.0)	(30.0, 2077.0)	(31.0, 2397.0)	(32.0, 2721.0)	(33.0, 3439.0)	(34.0, 4250.0)	(35.0, 5904.0)	(36.0, 11012.0)	(37.0, 10691.0)
SRR35320113_2	(2.0, 12.0)	(3.0, 0.0)	(4.0, 0.0)	(5.0, 0.0)	(6.0, 0.0)	(7.0, 0.0)	(8.0, 0.0)	(9.0, 0.0)	(10.0, 0.0)	(11.0, 0.0)	(12.0, 1.0)	(13.0, 16.0)	(14.0, 24.0)	(15.0, 30.0)	(16.0, 25.0)	(17.0, 32.0)	(18.0, 48.0)	(19.0, 63.0)	(20.0, 110.0)	(21.0, 162.0)	(22.0, 301.0)	(23.0, 565.0)	(24.0, 1138.0)	(25.0, 1777.0)	(26.0, 2253.0)	(27.0, 2676.0)	(28.0, 3064.0)	(29.0, 3854.0)	(30.0, 4341.0)	(31.0, 5188.0)	(32.0, 6232.0)	(33.0, 7078.0)	(34.0, 7801.0)	(35.0, 6805.0)	(36.0, 1678.0)	(37.0, 20.0)
SRR35320114_1	(2.0, 8.0)	(3.0, 0.0)	(4.0, 0.0)	(5.0, 0.0)	(6.0, 0.0)	(7.0, 0.0)	(8.0, 0.0)	(9.0, 0.0)	(10.0, 0.0)	(11.0, 0.0)	(12.0, 0.0)	(13.0, 0.0)	(14.0, 1.0)	(15.0, 0.0)	(16.0, 1.0)	(17.0, 8.0)	(18.0, 41.0)	(19.0, 156.0)	(20.0, 534.0)	(21.0, 1072.0)	(22.0, 1413.0)	(23.0, 1531.0)	(24.0, 1798.0)	(25.0, 1878.0)	(26.0, 2011.0)	(27.0, 2100.0)	(28.0, 2321.0)	(29.0, 2704.0)	(30.0, 3085.0)	(31.0, 3703.0)	(32.0, 4360.0)	(33.0, 5254.0)	(34.0, 6573.0)	(35.0, 9606.0)	(36.0, 16295.0)	(37.0, 11896.0)
SRR35320114_2	(2.0, 8.0)	(3.0, 0.0)	(4.0, 0.0)	(5.0, 0.0)	(6.0, 0.0)	(7.0, 0.0)	(8.0, 0.0)	(9.0, 0.0)	(10.0, 0.0)	(11.0, 0.0)	(12.0, 4.0)	(13.0, 19.0)	(14.0, 33.0)	(15.0, 19.0)	(16.0, 26.0)	(17.0, 44.0)	(18.0, 54.0)	(19.0, 90.0)	(20.0, 118.0)	(21.0, 142.0)	(22.0, 259.0)	(23.0, 524.0)	(24.0, 1018.0)	(25.0, 1762.0)	(26.0, 2430.0)	(27.0, 3160.0)	(28.0, 3999.0)	(29.0, 4863.0)	(30.0, 5929.0)	(31.0, 7180.0)	(32.0, 8729.0)	(33.0, 10650.0)	(34.0, 13082.0)	(35.0, 11459.0)	(36.0, 2731.0)	(37.0, 17.0)
SRR35320115_1	(16.0, 1.0)	(17.0, 3.0)	(18.0, 27.0)	(19.0, 88.0)	(20.0, 278.0)	(21.0, 710.0)	(22.0, 1004.0)	(23.0, 1147.0)	(24.0, 1261.0)	(25.0, 1321.0)	(26.0, 1464.0)	(27.0, 1496.0)	(28.0, 1653.0)	(29.0, 1790.0)	(30.0, 2154.0)	(31.0, 2486.0)	(32.0, 2851.0)	(33.0, 3484.0)	(34.0, 4479.0)	(35.0, 6221.0)	(36.0, 11545.0)	(37.0, 11315.0)														
SRR35320115_2	(12.0, 1.0)	(13.0, 9.0)	(14.0, 18.0)	(15.0, 20.0)	(16.0, 9.0)	(17.0, 36.0)	(18.0, 47.0)	(19.0, 83.0)	(20.0, 91.0)	(21.0, 116.0)	(22.0, 278.0)	(23.0, 546.0)	(24.0, 1064.0)	(25.0, 1650.0)	(26.0, 2140.0)	(27.0, 2717.0)	(28.0, 3201.0)	(29.0, 3738.0)	(30.0, 4613.0)	(31.0, 5498.0)	(32.0, 6578.0)	(33.0, 7322.0)	(34.0, 8231.0)	(35.0, 7130.0)	(36.0, 1634.0)	(37.0, 8.0)										
SRR35320116_1	(2.0, 4.0)	(3.0, 0.0)	(4.0, 0.0)	(5.0, 0.0)	(6.0, 0.0)	(7.0, 0.0)	(8.0, 0.0)	(9.0, 0.0)	(10.0, 0.0)	(11.0, 0.0)	(12.0, 0.0)	(13.0, 0.0)	(14.0, 0.0)	(15.0, 1.0)	(16.0, 5.0)	(17.0, 12.0)	(18.0, 49.0)	(19.0, 180.0)	(20.0, 446.0)	(21.0, 824.0)	(22.0, 1202.0)	(23.0, 1267.0)	(24.0, 1337.0)	(25.0, 1408.0)	(26.0, 1450.0)	(27.0, 1551.0)	(28.0, 1721.0)	(29.0, 1941.0)	(30.0, 2195.0)	(31.0, 2571.0)	(32.0, 2994.0)	(33.0, 3669.0)	(34.0, 4653.0)	(35.0, 6580.0)	(36.0, 11971.0)	(37.0, 9285.0)
SRR35320116_2	(2.0, 4.0)	(3.0, 0.0)	(4.0, 0.0)	(5.0, 0.0)	(6.0, 0.0)	(7.0, 0.0)	(8.0, 0.0)	(9.0, 0.0)	(10.0, 0.0)	(11.0, 0.0)	(12.0, 4.0)	(13.0, 14.0)	(14.0, 21.0)	(15.0, 10.0)	(16.0, 21.0)	(17.0, 35.0)	(18.0, 50.0)	(19.0, 80.0)	(20.0, 94.0)	(21.0, 127.0)	(22.0, 270.0)	(23.0, 503.0)	(24.0, 999.0)	(25.0, 1549.0)	(26.0, 2061.0)	(27.0, 2488.0)	(28.0, 3071.0)	(29.0, 3592.0)	(30.0, 4386.0)	(31.0, 5466.0)	(32.0, 6334.0)	(33.0, 7630.0)	(34.0, 8954.0)	(35.0, 7687.0)	(36.0, 1854.0)	(37.0, 12.0)
SRR35320117_1	(2.0, 9.0)	(3.0, 0.0)	(4.0, 0.0)	(5.0, 0.0)	(6.0, 0.0)	(7.0, 0.0)	(8.0, 0.0)	(9.0, 0.0)	(10.0, 0.0)	(11.0, 0.0)	(12.0, 0.0)	(13.0, 0.0)	(14.0, 0.0)	(15.0, 0.0)	(16.0, 4.0)	(17.0, 6.0)	(18.0, 30.0)	(19.0, 118.0)	(20.0, 299.0)	(21.0, 746.0)	(22.0, 1053.0)	(23.0, 1161.0)	(24.0, 1278.0)	(25.0, 1372.0)	(26.0, 1428.0)	(27.0, 1574.0)	(28.0, 1808.0)	(29.0, 1924.0)	(30.0, 2163.0)	(31.0, 2559.0)	(32.0, 2991.0)	(33.0, 3613.0)	(34.0, 4527.0)	(35.0, 6557.0)	(36.0, 11764.0)	(37.0, 8452.0)
SRR35320117_2	(2.0, 8.0)	(3.0, 0.0)	(4.0, 0.0)	(5.0, 0.0)	(6.0, 0.0)	(7.0, 0.0)	(8.0, 0.0)	(9.0, 0.0)	(10.0, 0.0)	(11.0, 0.0)	(12.0, 1.0)	(13.0, 16.0)	(14.0, 19.0)	(15.0, 11.0)	(16.0, 21.0)	(17.0, 26.0)	(18.0, 48.0)	(19.0, 63.0)	(20.0, 115.0)	(21.0, 150.0)	(22.0, 245.0)	(23.0, 547.0)	(24.0, 1058.0)	(25.0, 1566.0)	(26.0, 2187.0)	(27.0, 2626.0)	(28.0, 3166.0)	(29.0, 3842.0)	(30.0, 4636.0)	(31.0, 5580.0)	(32.0, 6590.0)	(33.0, 7721.0)	(34.0, 8478.0)	(35.0, 5806.0)	(36.0, 902.0)	(37.0, 8.0)
SRR35320118_1	(2.0, 4.0)	(3.0, 0.0)	(4.0, 0.0)	(5.0, 0.0)	(6.0, 0.0)	(7.0, 0.0)	(8.0, 0.0)	(9.0, 0.0)	(10.0, 0.0)	(11.0, 0.0)	(12.0, 0.0)	(13.0, 0.0)	(14.0, 0.0)	(15.0, 0.0)	(16.0, 1.0)	(17.0, 5.0)	(18.0, 12.0)	(19.0, 76.0)	(20.0, 223.0)	(21.0, 521.0)	(22.0, 776.0)	(23.0, 793.0)	(24.0, 802.0)	(25.0, 834.0)	(26.0, 912.0)	(27.0, 942.0)	(28.0, 1029.0)	(29.0, 1116.0)	(30.0, 1322.0)	(31.0, 1461.0)	(32.0, 1723.0)	(33.0, 2096.0)	(34.0, 2677.0)	(35.0, 3758.0)	(36.0, 6757.0)	(37.0, 6224.0)
SRR35320118_2	(2.0, 3.0)	(3.0, 0.0)	(4.0, 0.0)	(5.0, 0.0)	(6.0, 0.0)	(7.0, 0.0)	(8.0, 0.0)	(9.0, 0.0)	(10.0, 0.0)	(11.0, 0.0)	(12.0, 2.0)	(13.0, 9.0)	(14.0, 22.0)	(15.0, 17.0)	(16.0, 17.0)	(17.0, 15.0)	(18.0, 25.0)	(19.0, 53.0)	(20.0, 55.0)	(21.0, 88.0)	(22.0, 135.0)	(23.0, 334.0)	(24.0, 670.0)	(25.0, 972.0)	(26.0, 1243.0)	(27.0, 1465.0)	(28.0, 1812.0)	(29.0, 2179.0)	(30.0, 2698.0)	(31.0, 3178.0)	(32.0, 3793.0)	(33.0, 4434.0)	(34.0, 4984.0)	(35.0, 4596.0)	(36.0, 1254.0)	(37.0, 11.0)
SRR35320119_1	(2.0, 3.0)	(3.0, 0.0)	(4.0, 0.0)	(5.0, 0.0)	(6.0, 1.0)	(7.0, 1.0)	(8.0, 2.0)	(9.0, 0.0)	(10.0, 2.0)	(11.0, 2.0)	(12.0, 3.0)	(13.0, 5.0)	(14.0, 1.0)	(15.0, 6.0)	(16.0, 5.0)	(17.0, 12.0)	(18.0, 52.0)	(19.0, 157.0)	(20.0, 357.0)	(21.0, 827.0)	(22.0, 1263.0)	(23.0, 1480.0)	(24.0, 1500.0)	(25.0, 1544.0)	(26.0, 1529.0)	(27.0, 1660.0)	(28.0, 1784.0)	(29.0, 2001.0)	(30.0, 2258.0)	(31.0, 2607.0)	(32.0, 2964.0)	(33.0, 3495.0)	(34.0, 4419.0)	(35.0, 5936.0)	(36.0, 10399.0)	(37.0, 13343.0)
SRR35320119_2	(12.0, 6.0)	(13.0, 18.0)	(14.0, 16.0)	(15.0, 22.0)	(16.0, 26.0)	(17.0, 50.0)	(18.0, 65.0)	(19.0, 98.0)	(20.0, 197.0)	(21.0, 267.0)	(22.0, 378.0)	(23.0, 629.0)	(24.0, 1163.0)	(25.0, 1796.0)	(26.0, 2463.0)	(27.0, 2806.0)	(28.0, 3241.0)	(29.0, 3684.0)	(30.0, 4252.0)	(31.0, 5018.0)	(32.0, 5683.0)	(33.0, 6630.0)	(34.0, 7689.0)	(35.0, 8391.0)	(36.0, 4787.0)	(37.0, 243.0)										
SRR35320120_1	(2.0, 4.0)	(3.0, 0.0)	(4.0, 0.0)	(5.0, 0.0)	(6.0, 0.0)	(7.0, 0.0)	(8.0, 0.0)	(9.0, 0.0)	(10.0, 0.0)	(11.0, 0.0)	(12.0, 0.0)	(13.0, 0.0)	(14.0, 0.0)	(15.0, 1.0)	(16.0, 2.0)	(17.0, 7.0)	(18.0, 22.0)	(19.0, 91.0)	(20.0, 222.0)	(21.0, 521.0)	(22.0, 879.0)	(23.0, 1082.0)	(24.0, 1255.0)	(25.0, 1391.0)	(26.0, 1509.0)	(27.0, 1614.0)	(28.0, 1843.0)	(29.0, 1981.0)	(30.0, 2334.0)	(31.0, 2671.0)	(32.0, 3038.0)	(33.0, 3638.0)	(34.0, 4617.0)	(35.0, 6517.0)	(36.0, 11850.0)	(37.0, 13153.0)
SRR35320120_2	(2.0, 4.0)	(3.0, 0.0)	(4.0, 0.0)	(5.0, 0.0)	(6.0, 0.0)	(7.0, 0.0)	(8.0, 0.0)	(9.0, 0.0)	(10.0, 0.0)	(11.0, 0.0)	(12.0, 2.0)	(13.0, 16.0)	(14.0, 22.0)	(15.0, 10.0)	(16.0, 26.0)	(17.0, 47.0)	(18.0, 69.0)	(19.0, 85.0)	(20.0, 159.0)	(21.0, 249.0)	(22.0, 375.0)	(23.0, 649.0)	(24.0, 1167.0)	(25.0, 1793.0)	(26.0, 2436.0)	(27.0, 2943.0)	(28.0, 3634.0)	(29.0, 4349.0)	(30.0, 5031.0)	(31.0, 5943.0)	(32.0, 6793.0)	(33.0, 7547.0)	(34.0, 8074.0)	(35.0, 6817.0)	(36.0, 1938.0)	(37.0, 64.0)
SRR35320121_1	(2.0, 8.0)	(3.0, 0.0)	(4.0, 0.0)	(5.0, 0.0)	(6.0, 0.0)	(7.0, 0.0)	(8.0, 0.0)	(9.0, 0.0)	(10.0, 0.0)	(11.0, 0.0)	(12.0, 0.0)	(13.0, 0.0)	(14.0, 0.0)	(15.0, 0.0)	(16.0, 0.0)	(17.0, 4.0)	(18.0, 5.0)	(19.0, 36.0)	(20.0, 95.0)	(21.0, 274.0)	(22.0, 446.0)	(23.0, 548.0)	(24.0, 599.0)	(25.0, 550.0)	(26.0, 568.0)	(27.0, 656.0)	(28.0, 692.0)	(29.0, 796.0)	(30.0, 1069.0)	(31.0, 1251.0)	(32.0, 1616.0)	(33.0, 2197.0)	(34.0, 3376.0)	(35.0, 5634.0)	(36.0, 9919.0)	(37.0, 7239.0)
SRR35320121_2	(2.0, 5.0)	(3.0, 0.0)	(4.0, 0.0)	(5.0, 0.0)	(6.0, 0.0)	(7.0, 0.0)	(8.0, 0.0)	(9.0, 0.0)	(10.0, 0.0)	(11.0, 0.0)	(12.0, 0.0)	(13.0, 2.0)	(14.0, 14.0)	(15.0, 16.0)	(16.0, 17.0)	(17.0, 36.0)	(18.0, 34.0)	(19.0, 61.0)	(20.0, 69.0)	(21.0, 102.0)	(22.0, 193.0)	(23.0, 388.0)	(24.0, 673.0)	(25.0, 1059.0)	(26.0, 1342.0)	(27.0, 1859.0)	(28.0, 2381.0)	(29.0, 3309.0)	(30.0, 4387.0)	(31.0, 5916.0)	(32.0, 7174.0)	(33.0, 5980.0)	(34.0, 2311.0)	(35.0, 240.0)	(36.0, 8.0)	(37.0, 2.0)
SRR35320122_1	(2.0, 12.0)	(3.0, 0.0)	(4.0, 0.0)	(5.0, 0.0)	(6.0, 0.0)	(7.0, 0.0)	(8.0, 0.0)	(9.0, 0.0)	(10.0, 0.0)	(11.0, 0.0)	(12.0, 0.0)	(13.0, 0.0)	(14.0, 1.0)	(15.0, 1.0)	(16.0, 0.0)	(17.0, 1.0)	(18.0, 5.0)	(19.0, 32.0)	(20.0, 102.0)	(21.0, 277.0)	(22.0, 396.0)	(23.0, 488.0)	(24.0, 575.0)	(25.0, 582.0)	(26.0, 633.0)	(27.0, 721.0)	(28.0, 793.0)	(29.0, 930.0)	(30.0, 1077.0)	(31.0, 1347.0)	(32.0, 1787.0)	(33.0, 2458.0)	(34.0, 3595.0)	(35.0, 5896.0)	(36.0, 10579.0)	(37.0, 8581.0)
SRR35320122_2	(2.0, 5.0)	(3.0, 0.0)	(4.0, 0.0)	(5.0, 0.0)	(6.0, 0.0)	(7.0, 0.0)	(8.0, 0.0)	(9.0, 0.0)	(10.0, 0.0)	(11.0, 0.0)	(12.0, 0.0)	(13.0, 2.0)	(14.0, 11.0)	(15.0, 19.0)	(16.0, 22.0)	(17.0, 30.0)	(18.0, 34.0)	(19.0, 54.0)	(20.0, 68.0)	(21.0, 125.0)	(22.0, 182.0)	(23.0, 353.0)	(24.0, 672.0)	(25.0, 1159.0)	(26.0, 1574.0)	(27.0, 2115.0)	(28.0, 2819.0)	(29.0, 3944.0)	(30.0, 5311.0)	(31.0, 6690.0)	(32.0, 7127.0)	(33.0, 5972.0)	(34.0, 2303.0)	(35.0, 265.0)	(36.0, 6.0)	(37.0, 7.0)
SRR35320123_1	(2.0, 14.0)	(3.0, 0.0)	(4.0, 0.0)	(5.0, 0.0)	(6.0, 0.0)	(7.0, 0.0)	(8.0, 0.0)	(9.0, 0.0)	(10.0, 0.0)	(11.0, 0.0)	(12.0, 0.0)	(13.0, 0.0)	(14.0, 0.0)	(15.0, 0.0)	(16.0, 1.0)	(17.0, 1.0)	(18.0, 11.0)	(19.0, 31.0)	(20.0, 93.0)	(21.0, 268.0)	(22.0, 451.0)	(23.0, 506.0)	(24.0, 549.0)	(25.0, 607.0)	(26.0, 620.0)	(27.0, 668.0)	(28.0, 710.0)	(29.0, 800.0)	(30.0, 984.0)	(31.0, 1219.0)	(32.0, 1693.0)	(33.0, 2225.0)	(34.0, 3372.0)	(35.0, 5478.0)	(36.0, 10065.0)	(37.0, 8361.0)
SRR35320123_2	(2.0, 16.0)	(3.0, 0.0)	(4.0, 0.0)	(5.0, 0.0)	(6.0, 0.0)	(7.0, 0.0)	(8.0, 0.0)	(9.0, 0.0)	(10.0, 0.0)	(11.0, 0.0)	(12.0, 0.0)	(13.0, 3.0)	(14.0, 16.0)	(15.0, 23.0)	(16.0, 19.0)	(17.0, 25.0)	(18.0, 43.0)	(19.0, 55.0)	(20.0, 69.0)	(21.0, 89.0)	(22.0, 200.0)	(23.0, 373.0)	(24.0, 698.0)	(25.0, 1194.0)	(26.0, 1455.0)	(27.0, 1904.0)	(28.0, 2661.0)	(29.0, 3524.0)	(30.0, 4671.0)	(31.0, 6283.0)	(32.0, 7162.0)	(33.0, 5752.0)	(34.0, 2266.0)	(35.0, 218.0)	(36.0, 6.0)	(37.0, 2.0)
SRR35320124_1	(2.0, 11.0)	(3.0, 0.0)	(4.0, 0.0)	(5.0, 0.0)	(6.0, 0.0)	(7.0, 0.0)	(8.0, 0.0)	(9.0, 0.0)	(10.0, 0.0)	(11.0, 0.0)	(12.0, 0.0)	(13.0, 0.0)	(14.0, 0.0)	(15.0, 0.0)	(16.0, 0.0)	(17.0, 0.0)	(18.0, 3.0)	(19.0, 29.0)	(20.0, 88.0)	(21.0, 208.0)	(22.0, 334.0)	(23.0, 447.0)	(24.0, 512.0)	(25.0, 518.0)	(26.0, 534.0)	(27.0, 626.0)	(28.0, 640.0)	(29.0, 811.0)	(30.0, 939.0)	(31.0, 1102.0)	(32.0, 1447.0)	(33.0, 1973.0)	(34.0, 3051.0)	(35.0, 5131.0)	(36.0, 9343.0)	(37.0, 7488.0)
SRR35320124_2	(2.0, 4.0)	(3.0, 0.0)	(4.0, 0.0)	(5.0, 0.0)	(6.0, 0.0)	(7.0, 0.0)	(8.0, 0.0)	(9.0, 0.0)	(10.0, 0.0)	(11.0, 0.0)	(12.0, 0.0)	(13.0, 1.0)	(14.0, 9.0)	(15.0, 22.0)	(16.0, 30.0)	(17.0, 24.0)	(18.0, 36.0)	(19.0, 58.0)	(20.0, 58.0)	(21.0, 119.0)	(22.0, 200.0)	(23.0, 379.0)	(24.0, 797.0)	(25.0, 1141.0)	(26.0, 1506.0)	(27.0, 1956.0)	(28.0, 2552.0)	(29.0, 3301.0)	(30.0, 4322.0)	(31.0, 5785.0)	(32.0, 6434.0)	(33.0, 4751.0)	(34.0, 1601.0)	(35.0, 143.0)	(36.0, 3.0)	(37.0, 3.0)
SRR35320125_1	(2.0, 6.0)	(3.0, 0.0)	(4.0, 0.0)	(5.0, 0.0)	(6.0, 0.0)	(7.0, 3.0)	(8.0, 1.0)	(9.0, 1.0)	(10.0, 1.0)	(11.0, 0.0)	(12.0, 1.0)	(13.0, 10.0)	(14.0, 2.0)	(15.0, 3.0)	(16.0, 4.0)	(17.0, 12.0)	(18.0, 41.0)	(19.0, 200.0)	(20.0, 554.0)	(21.0, 1102.0)	(22.0, 1601.0)	(23.0, 1759.0)	(24.0, 1885.0)	(25.0, 2017.0)	(26.0, 2072.0)	(27.0, 2307.0)	(28.0, 2395.0)	(29.0, 2793.0)	(30.0, 3031.0)	(31.0, 3515.0)	(32.0, 3972.0)	(33.0, 4737.0)	(34.0, 6140.0)	(35.0, 8297.0)	(36.0, 14723.0)	(37.0, 23246.0)
SRR35320125_2	(2.0, 1.0)	(3.0, 0.0)	(4.0, 0.0)	(5.0, 0.0)	(6.0, 0.0)	(7.0, 0.0)	(8.0, 0.0)	(9.0, 0.0)	(10.0, 0.0)	(11.0, 2.0)	(12.0, 1.0)	(13.0, 33.0)	(14.0, 40.0)	(15.0, 29.0)	(16.0, 39.0)	(17.0, 50.0)	(18.0, 84.0)	(19.0, 80.0)	(20.0, 130.0)	(21.0, 184.0)	(22.0, 307.0)	(23.0, 687.0)	(24.0, 1367.0)	(25.0, 2228.0)	(26.0, 2794.0)	(27.0, 3378.0)	(28.0, 3960.0)	(29.0, 4557.0)	(30.0, 5715.0)	(31.0, 6805.0)	(32.0, 8167.0)	(33.0, 9868.0)	(34.0, 12158.0)	(35.0, 14217.0)	(36.0, 9205.0)	(37.0, 345.0)
SRR35320126_1	(2.0, 4.0)	(3.0, 0.0)	(4.0, 0.0)	(5.0, 0.0)	(6.0, 0.0)	(7.0, 1.0)	(8.0, 4.0)	(9.0, 0.0)	(10.0, 3.0)	(11.0, 2.0)	(12.0, 1.0)	(13.0, 3.0)	(14.0, 3.0)	(15.0, 8.0)	(16.0, 10.0)	(17.0, 11.0)	(18.0, 40.0)	(19.0, 151.0)	(20.0, 412.0)	(21.0, 932.0)	(22.0, 1370.0)	(23.0, 1551.0)	(24.0, 1665.0)	(25.0, 1780.0)	(26.0, 1888.0)	(27.0, 2020.0)	(28.0, 2185.0)	(29.0, 2369.0)	(30.0, 2678.0)	(31.0, 3171.0)	(32.0, 3678.0)	(33.0, 4362.0)	(34.0, 5445.0)	(35.0, 7695.0)	(36.0, 13491.0)	(37.0, 19726.0)
SRR35320126_2	(10.0, 1.0)	(11.0, 2.0)	(12.0, 4.0)	(13.0, 30.0)	(14.0, 39.0)	(15.0, 29.0)	(16.0, 31.0)	(17.0, 54.0)	(18.0, 66.0)	(19.0, 93.0)	(20.0, 134.0)	(21.0, 199.0)	(22.0, 335.0)	(23.0, 609.0)	(24.0, 1145.0)	(25.0, 2001.0)	(26.0, 2591.0)	(27.0, 2951.0)	(28.0, 3417.0)	(29.0, 4068.0)	(30.0, 5096.0)	(31.0, 5885.0)	(32.0, 7201.0)	(33.0, 8765.0)	(34.0, 10826.0)	(35.0, 13100.0)	(36.0, 7750.0)	(37.0, 237.0)								
SRR35320128_1	(7.0, 7.0)	(8.0, 2.0)	(9.0, 0.0)	(10.0, 1.0)	(11.0, 0.0)	(12.0, 1.0)	(13.0, 3.0)	(14.0, 4.0)	(15.0, 3.0)	(16.0, 14.0)	(17.0, 8.0)	(18.0, 43.0)	(19.0, 165.0)	(20.0, 471.0)	(21.0, 1007.0)	(22.0, 1489.0)	(23.0, 1643.0)	(24.0, 1681.0)	(25.0, 1761.0)	(26.0, 1939.0)	(27.0, 2029.0)	(28.0, 2124.0)	(29.0, 2377.0)	(30.0, 2725.0)	(31.0, 3248.0)	(32.0, 3687.0)	(33.0, 4388.0)	(34.0, 5602.0)	(35.0, 7513.0)	(36.0, 13343.0)	(37.0, 19599.0)					
SRR35320128_2	(12.0, 5.0)	(13.0, 16.0)	(14.0, 30.0)	(15.0, 23.0)	(16.0, 24.0)	(17.0, 53.0)	(18.0, 61.0)	(19.0, 78.0)	(20.0, 109.0)	(21.0, 178.0)	(22.0, 238.0)	(23.0, 611.0)	(24.0, 1358.0)	(25.0, 2159.0)	(26.0, 2792.0)	(27.0, 3082.0)	(28.0, 3558.0)	(29.0, 4240.0)	(30.0, 5145.0)	(31.0, 5913.0)	(32.0, 7268.0)	(33.0, 8620.0)	(34.0, 10634.0)	(35.0, 11989.0)	(36.0, 8164.0)	(37.0, 529.0)										
SRR35320139_1	(2.0, 2.0)	(3.0, 0.0)	(4.0, 0.0)	(5.0, 0.0)	(6.0, 0.0)	(7.0, 0.0)	(8.0, 1.0)	(9.0, 0.0)	(10.0, 0.0)	(11.0, 0.0)	(12.0, 2.0)	(13.0, 6.0)	(14.0, 3.0)	(15.0, 8.0)	(16.0, 5.0)	(17.0, 13.0)	(18.0, 44.0)	(19.0, 139.0)	(20.0, 378.0)	(21.0, 803.0)	(22.0, 1159.0)	(23.0, 1364.0)	(24.0, 1489.0)	(25.0, 1610.0)	(26.0, 1705.0)	(27.0, 1805.0)	(28.0, 2000.0)	(29.0, 2198.0)	(30.0, 2445.0)	(31.0, 2861.0)	(32.0, 3401.0)	(33.0, 4039.0)	(34.0, 5099.0)	(35.0, 7006.0)	(36.0, 12437.0)	(37.0, 19460.0)
SRR35320139_2	(12.0, 7.0)	(13.0, 17.0)	(14.0, 20.0)	(15.0, 18.0)	(16.0, 21.0)	(17.0, 38.0)	(18.0, 61.0)	(19.0, 84.0)	(20.0, 112.0)	(21.0, 166.0)	(22.0, 241.0)	(23.0, 454.0)	(24.0, 938.0)	(25.0, 1485.0)	(26.0, 2075.0)	(27.0, 2578.0)	(28.0, 3029.0)	(29.0, 3642.0)	(30.0, 4530.0)	(31.0, 5433.0)	(32.0, 6604.0)	(33.0, 8084.0)	(34.0, 10196.0)	(35.0, 12402.0)	(36.0, 8889.0)	(37.0, 358.0)										
SRR35320140_1	(2.0, 3.0)	(3.0, 0.0)	(4.0, 0.0)	(5.0, 0.0)	(6.0, 0.0)	(7.0, 4.0)	(8.0, 2.0)	(9.0, 3.0)	(10.0, 2.0)	(11.0, 3.0)	(12.0, 2.0)	(13.0, 9.0)	(14.0, 8.0)	(15.0, 8.0)	(16.0, 8.0)	(17.0, 15.0)	(18.0, 71.0)	(19.0, 157.0)	(20.0, 456.0)	(21.0, 1123.0)	(22.0, 1625.0)	(23.0, 1820.0)	(24.0, 1897.0)	(25.0, 1950.0)	(26.0, 1992.0)	(27.0, 2086.0)	(28.0, 2253.0)	(29.0, 2363.0)	(30.0, 2724.0)	(31.0, 3166.0)	(32.0, 3727.0)	(33.0, 4539.0)	(34.0, 5509.0)	(35.0, 7437.0)	(36.0, 13170.0)	(37.0, 19444.0)
SRR35320140_2	(12.0, 2.0)	(13.0, 23.0)	(14.0, 31.0)	(15.0, 36.0)	(16.0, 27.0)	(17.0, 55.0)	(18.0, 61.0)	(19.0, 93.0)	(20.0, 128.0)	(21.0, 193.0)	(22.0, 256.0)	(23.0, 553.0)	(24.0, 1259.0)	(25.0, 2100.0)	(26.0, 2704.0)	(27.0, 3182.0)	(28.0, 3558.0)	(29.0, 4163.0)	(30.0, 5106.0)	(31.0, 5864.0)	(32.0, 7147.0)	(33.0, 8647.0)	(34.0, 10893.0)	(35.0, 12703.0)	(36.0, 8439.0)	(37.0, 353.0)										
SRR35320141_1	(7.0, 2.0)	(8.0, 1.0)	(9.0, 0.0)	(10.0, 1.0)	(11.0, 2.0)	(12.0, 3.0)	(13.0, 1.0)	(14.0, 5.0)	(15.0, 1.0)	(16.0, 5.0)	(17.0, 11.0)	(18.0, 26.0)	(19.0, 81.0)	(20.0, 265.0)	(21.0, 613.0)	(22.0, 832.0)	(23.0, 1035.0)	(24.0, 1080.0)	(25.0, 1194.0)	(26.0, 1171.0)	(27.0, 1197.0)	(28.0, 1336.0)	(29.0, 1495.0)	(30.0, 1710.0)	(31.0, 1846.0)	(32.0, 2187.0)	(33.0, 2685.0)	(34.0, 3283.0)	(35.0, 4506.0)	(36.0, 8023.0)	(37.0, 12373.0)					
SRR35320141_2	(12.0, 1.0)	(13.0, 22.0)	(14.0, 14.0)	(15.0, 13.0)	(16.0, 14.0)	(17.0, 33.0)	(18.0, 45.0)	(19.0, 62.0)	(20.0, 95.0)	(21.0, 135.0)	(22.0, 176.0)	(23.0, 328.0)	(24.0, 644.0)	(25.0, 1080.0)	(26.0, 1591.0)	(27.0, 1830.0)	(28.0, 2109.0)	(29.0, 2475.0)	(30.0, 2929.0)	(31.0, 3662.0)	(32.0, 4340.0)	(33.0, 5141.0)	(34.0, 6558.0)	(35.0, 8035.0)	(36.0, 5416.0)	(37.0, 222.0)										
