Sample	0	1	2	3	4	5	6	7	8	9	10	11	12	13	14	15
SRR35320041_1	(1.0, 5.899998598242195)	(2.0, 2.5596097506272866)	(3.0, 1.5895933500609762)	(4.0, 0.7737703079661896)	(5.0, 0.6728437460575561)	(6.0, 0.4962222627174477)	(7.0, 0.44155370835027125)	(8.0, 0.4037062476345337)	(9.0, 0.2270847642944252)	('>10', 4.938392744501606)	('>50', 3.8730568132438075)	('>100', 24.372362943130685)	('>500', 24.49291411429933)	('>1k', 29.258890648873688)	('>5k', 0.0)	('>10k+', 0.0)
SRR35320041_2	(1.0, 5.880373988982184)	(2.0, 2.1699210810356186)	(3.0, 1.2868136643350763)	(4.0, 0.8298406201376526)	(5.0, 0.623782222907526)	(6.0, 0.5130433563688865)	(7.0, 0.3924921852002411)	(8.0, 0.4373484349374115)	(9.0, 0.37847460715737535)	('>10', 8.118981202427843)	('>50', 8.51427690323666)	('>100', 27.851525813369964)	('>500', 28.900040650976322)	('>1k', 14.103085268927234)	('>5k', 0.0)	('>10k+', 0.0)
SRR35320051_1	(1.0, 5.030238268461259)	(2.0, 2.4327028010185523)	(3.0, 1.4596216806111313)	(4.0, 0.9594397962895598)	(5.0, 0.733221171335031)	(6.0, 0.5933975991269552)	(7.0, 0.5729356129501637)	(8.0, 0.5456529647144416)	(9.0, 0.24554383412149872)	('>10', 5.037058930520189)	('>50', 3.171607857402692)	('>100', 14.341578755911241)	('>500', 23.76091305929429)	('>1k', 41.116087668243)	('>5k', 0.0)	('>10k+', 0.0)
SRR35320051_2	(1.0, 5.189387049836304)	(2.0, 2.0530192797380864)	(3.0, 1.272053473990542)	(4.0, 0.7957439068752273)	(5.0, 0.6024918152055293)	(6.0, 0.5592942888323026)	(7.0, 0.5092761004001455)	(8.0, 0.25463805020007274)	(9.0, 0.23531284103310296)	('>10', 8.01314114223354)	('>50', 4.3800018188432155)	('>100', 26.42097126227719)	('>500', 33.9884958166606)	('>1k', 15.726173153874138)	('>5k', 0.0)	('>10k+', 0.0)
SRR35320062_1	(1.0, 4.820193206606419)	(2.0, 2.2536615768152073)	(3.0, 1.2863820504830166)	(4.0, 0.992209411031474)	(5.0, 0.7291991274540355)	(6.0, 0.49361171704580864)	(7.0, 0.43627298223745714)	(8.0, 0.37893424742910564)	(9.0, 0.2355874104082269)	('>10', 3.680897475849174)	('>50', 2.1452165783733252)	('>100', 25.416017450919288)	('>500', 19.005297600498597)	('>1k', 31.657214085384854)	('>5k', 6.469305079464008)	('>10k+', 0.0)
SRR35320062_2	(1.0, 4.9573075724524776)	(2.0, 1.8448114677469616)	(3.0, 1.0732315363041445)	(4.0, 0.6232471174820816)	(5.0, 0.5609224057338735)	(6.0, 0.5235275786849486)	(7.0, 0.29666562792147083)	(8.0, 0.2891866625116859)	(9.0, 0.358990339669679)	('>10', 6.390775942661266)	('>50', 3.010283577438454)	('>100', 33.75007790588968)	('>500', 4.624493611717046)	('>1k', 41.69647865378623)	('>5k', 0.0)	('>10k+', 0.0)
SRR35320071_1	(1.0, 5.249359039355707)	(2.0, 2.334979793444095)	(3.0, 1.5339600504077522)	(4.0, 0.8633051841766011)	(5.0, 0.688036849805177)	(6.0, 0.5301504990077784)	(7.0, 0.5576719729999855)	(8.0, 0.4287555948259629)	(9.0, 0.3519851673740168)	('>10', 7.5553688601764275)	('>50', 5.679563132812839)	('>100', 21.246577921983864)	('>500', 10.649361936352971)	('>1k', 42.33092399727682)	('>5k', 0.0)	('>10k+', 0.0)
SRR35320071_2	(1.0, 5.867867954864782)	(2.0, 2.2770398481973433)	(3.0, 1.1993568666077612)	(4.0, 0.8633051841766011)	(5.0, 0.6952793429610209)	(6.0, 0.5214595072207656)	(7.0, 0.567811463418167)	(8.0, 0.4751075510233643)	(9.0, 0.48235004417920824)	('>10', 9.570230456132219)	('>50', 12.839491866680186)	('>100', 32.462302823123835)	('>500', 32.17839709141475)	('>1k', 0.0)	('>5k', 0.0)	('>10k+', 0.0)
SRR35320072_1	(1.0, 4.92099322799097)	(2.0, 2.3777276147479305)	(3.0, 1.2189616252821671)	(4.0, 0.9201332903364506)	(5.0, 0.6449532408900355)	(6.0, 0.37407287971622055)	(7.0, 0.33107599699021817)	(8.0, 0.4815650865312265)	(9.0, 0.3676233473073202)	('>10', 8.72406750510588)	('>50', 5.441255508975599)	('>100', 23.98796087283672)	('>500', 23.082876491454368)	('>1k', 27.126733311834894)	('>5k', 0.0)	('>10k+', 0.0)
SRR35320072_2	(1.0, 5.110179511985382)	(2.0, 2.3562291733849294)	(3.0, 1.3028055465978716)	(4.0, 0.9201332903364506)	(5.0, 0.6342040202085348)	(6.0, 0.5675588519832312)	(7.0, 0.5869074492099322)	(8.0, 0.3439750618080189)	(9.0, 0.19348597226701064)	('>10', 10.222508868107063)	('>50', 11.912286359238955)	('>100', 16.979468988498333)	('>500', 48.87025690637429)	('>1k', 0.0)	('>5k', 0.0)	('>10k+', 0.0)
SRR35320073_1	(1.0, 4.901725004919215)	(2.0, 2.356850827521371)	(3.0, 1.305231859026214)	(4.0, 0.8133103041168368)	(5.0, 0.7542797175277116)	(6.0, 0.5378342333675856)	(7.0, 0.3366929753601959)	(8.0, 0.26235816261833445)	(9.0, 0.3541835195347515)	('>10', 6.856293316425807)	('>50', 5.260281160497606)	('>100', 37.20238745927983)	('>500', 22.33979754695118)	('>1k', 16.71877391285336)	('>5k', 0.0)	('>10k+', 0.0)
SRR35320073_2	(1.0, 5.9839524257198455)	(2.0, 2.4836572727868997)	(3.0, 1.6069437460372986)	(4.0, 1.0057062900369487)	(5.0, 0.8308008482913924)	(6.0, 0.8526640285095871)	(7.0, 0.6580817245676557)	(8.0, 0.7520933995058922)	(9.0, 0.49192155490937717)	('>10', 7.477207634622532)	('>50', 8.471982334550383)	('>100', 61.455213275323025)	('>500', 7.929775465139159)	('>1k', 0.0)	('>5k', 0.0)	('>10k+', 0.0)
SRR35320074_1	(1.0, 4.251639833035182)	(2.0, 2.1188630490956073)	(3.0, 1.2045319022063208)	(4.0, 0.7155635062611807)	(5.0, 0.48698071953885913)	(6.0, 0.4293381037567084)	(7.0, 0.30610216656728284)	(8.0, 0.3657324587557146)	(9.0, 0.26833631484794274)	('>10', 5.4919499105545615)	('>50', 5.0447227191413235)	('>100', 25.637050288213082)	('>500', 22.434903597694294)	('>1k', 31.244285430331942)	('>5k', 0.0)	('>10k+', 0.0)
SRR35320074_2	(1.0, 5.058636453985291)	(2.0, 2.0632081097197377)	(3.0, 1.0673822301729279)	(4.0, 0.8745776187636654)	(5.0, 0.5068574836016696)	(6.0, 0.5485986881335719)	(7.0, 0.3895845756310873)	(8.0, 0.4611409262572053)	(9.0, 0.26833631484794274)	('>10', 10.11329755515802)	('>50', 3.2021466905187834)	('>100', 27.83343271715365)	('>500', 47.61280063605645)	('>1k', 0.0)	('>5k', 0.0)	('>10k+', 0.0)
SRR35320075_1	(1.0, 4.681879496402877)	(2.0, 2.147032374100719)	(3.0, 1.264613309352518)	(4.0, 0.8093525179856115)	(5.0, 0.688511690647482)	(6.0, 0.539568345323741)	(7.0, 0.4917940647482014)	(8.0, 0.427158273381295)	(9.0, 0.37938399280575535)	('>10', 6.612522482014388)	('>50', 5.308565647482014)	('>100', 18.072729316546763)	('>500', 22.67873201438849)	('>1k', 35.89815647482014)	('>5k', 0.0)	('>10k+', 0.0)
SRR35320075_2	(1.0, 5.050022482014389)	(2.0, 2.0908273381294964)	(3.0, 1.542828237410072)	(4.0, 0.9554856115107914)	(5.0, 0.8290242805755397)	(6.0, 0.7250449640287769)	(7.0, 0.5704811151079137)	(8.0, 0.427158273381295)	(9.0, 0.40467625899280574)	('>10', 11.859262589928058)	('>50', 5.078125)	('>100', 18.665692446043167)	('>500', 21.832846223021583)	('>1k', 29.968525179856115)	('>5k', 0.0)	('>10k+', 0.0)
SRR35320076_1	(1.0, 4.670922598087103)	(2.0, 2.4263352795510826)	(3.0, 1.015516732171661)	(4.0, 0.7906036304155213)	(5.0, 0.5452438830451871)	(6.0, 0.504350591816798)	(7.0, 0.6043119703750823)	(8.0, 0.4361951064361496)	(9.0, 0.40893291228389034)	('>10', 8.255901129109208)	('>50', 5.086671058909058)	('>100', 21.146375264102506)	('>500', 16.15057818570098)	('>1k', 37.95806165799577)	('>5k', 0.0)	('>10k+', 0.0)
SRR35320076_2	(1.0, 6.345275688938365)	(2.0, 2.4263352795510826)	(3.0, 1.7107026830542746)	(4.0, 0.999613785582843)	(5.0, 0.8746620623849877)	(6.0, 0.8178658245677807)	(7.0, 0.6679237567303542)	(8.0, 0.6906422518572369)	(9.0, 0.7360792421110026)	('>10', 12.763250562282755)	('>50', 6.03403230570007)	('>100', 35.01601653906445)	('>500', 13.69470886248495)	('>1k', 17.222891155689847)	('>5k', 0.0)	('>10k+', 0.0)
SRR35320077_1	(1.0, 5.055435310746941)	(2.0, 2.420601616679182)	(3.0, 1.3052696673881357)	(4.0, 0.9982773090684217)	(5.0, 0.5300587481779231)	(6.0, 0.45054993595123455)	(7.0, 0.4019612173682583)	(8.0, 0.42404699854233846)	(9.0, 0.3577896550200981)	('>10', 8.178364768761872)	('>50', 6.3584964000176685)	('>100', 34.25725517911569)	('>500', 23.7598833870754)	('>1k', 15.502009806086841)	('>5k', 0.0)	('>10k+', 0.0)
SRR35320077_2	(1.0, 5.788683245726401)	(2.0, 2.5442819912540307)	(3.0, 1.5106674323070806)	(4.0, 1.0866204337647423)	(5.0, 0.9165599187243252)	(6.0, 0.5963160917001634)	(7.0, 0.695702106983524)	(8.0, 0.6360704978135077)	(9.0, 0.6360704978135077)	('>10', 9.702283669773399)	('>50', 6.705243164450726)	('>100', 67.9159856884138)	('>500', 1.2655152612747913)	('>1k', 0.0)	('>5k', 0.0)	('>10k+', 0.0)
SRR35320078_1	(1.0, 5.41519309661904)	(2.0, 2.3482812278964493)	(3.0, 1.154335832508134)	(4.0, 0.9393124911585797)	(5.0, 0.5941434432027162)	(6.0, 0.4922902815108219)	(7.0, 0.43570519168199173)	(8.0, 0.6337530060828971)	(9.0, 0.509265808459471)	('>10', 9.579855708020936)	('>50', 7.327769132833499)	('>100', 40.42721742820767)	('>500', 15.77026453529495)	('>1k', 14.372612816522846)	('>5k', 0.0)	('>10k+', 0.0)
SRR35320078_2	(1.0, 6.2102136087141036)	(2.0, 3.0782288866883576)	(3.0, 1.5108218984297639)	(4.0, 1.3693591738576885)	(5.0, 0.834630074975244)	(6.0, 0.6280944971000142)	(7.0, 0.6931673504031687)	(8.0, 0.7242891498090254)	(9.0, 0.6620455509973122)	('>10', 14.839439807610693)	('>50', 6.65440656387042)	('>100', 55.091243457348995)	('>500', 7.704059980195218)	('>1k', 0.0)	('>5k', 0.0)	('>10k+', 0.0)
SRR35320079_1	(1.0, 4.714494237598309)	(2.0, 2.265745844317117)	(3.0, 1.254874621467942)	(4.0, 0.8801551164462648)	(5.0, 0.5882224788130977)	(6.0, 0.4705779830504782)	(7.0, 0.4270059475828414)	(8.0, 0.4705779830504782)	(9.0, 0.2156815755648025)	('>10', 7.396353020631359)	('>50', 5.5946493540445745)	('>100', 38.689788893488156)	('>500', 13.02368140127666)	('>1k', 24.008191542667916)	('>5k', 0.0)	('>10k+', 0.0)
SRR35320079_2	(1.0, 5.727544062220867)	(2.0, 2.3223894904250453)	(3.0, 1.3659833119104159)	(4.0, 0.976013594475066)	(5.0, 0.6644735408814623)	(6.0, 0.5882224788130977)	(7.0, 0.5185072220648788)	(8.0, 0.45314916886342343)	(9.0, 0.37254090324829525)	('>10', 10.9910459467114)	('>50', 7.437746454325614)	('>100', 26.864338467571514)	('>500', 37.114659811333084)	('>1k', 4.603385547155836)	('>5k', 0.0)	('>10k+', 0.0)
SRR35320080_1	(1.0, 5.130453012140039)	(2.0, 2.2793543099998095)	(3.0, 1.3150121019229668)	(4.0, 0.7470793390634827)	(5.0, 0.6098606849497817)	(6.0, 0.36591641096986904)	(7.0, 0.4802652893979531)	(8.0, 0.28968382535114634)	(9.0, 0.3258943035200396)	('>10', 5.481122905986164)	('>50', 5.65264622362829)	('>100', 24.16954127041604)	('>500', 23.607325951477957)	('>1k', 29.54584437117646)	('>5k', 0.0)	('>10k+', 0.0)
SRR35320080_2	(1.0, 5.936612605058032)	(2.0, 2.035410036019897)	(3.0, 1.2464027748661166)	(4.0, 0.83855844180595)	(5.0, 0.6670351241638238)	(6.0, 0.7661374854681634)	(7.0, 0.4135617769815708)	(8.0, 0.4421489965885918)	(9.0, 0.3258943035200396)	('>10', 7.232566560576319)	('>50', 10.983209773017476)	('>100', 18.79323816965562)	('>500', 34.71631949076633)	('>1k', 15.602904461512074)	('>5k', 0.0)	('>10k+', 0.0)
SRR35320081_1	(1.0, 4.347448047995826)	(2.0, 2.0346056864620468)	(3.0, 1.2694548300147812)	(4.0, 0.6028461293220879)	(5.0, 0.5072022722661798)	(6.0, 0.3477958438396661)	(7.0, 0.2637451815784135)	(8.0, 0.32460945425035503)	(9.0, 0.20867750630379966)	('>10', 5.637190968901255)	('>50', 3.8083644900443443)	('>100', 19.305567631800134)	('>500', 34.54192389067617)	('>1k', 26.80056806654494)	('>5k', 0.0)	('>10k+', 0.0)
SRR35320081_2	(1.0, 4.967683969509898)	(2.0, 2.0635886734486855)	(3.0, 1.2259803495348232)	(4.0, 0.9622351679564095)	(5.0, 0.6666087006926934)	(6.0, 0.6434223111033823)	(7.0, 0.6695069993913573)	(8.0, 0.6955916876793322)	(9.0, 0.5738631423354491)	('>10', 8.077558473176245)	('>50', 0.6202359215140713)	('>100', 30.01188302466452)	('>500', 45.738051763614756)	('>1k', 3.0837898153783727)	('>5k', 0.0)	('>10k+', 0.0)
SRR35320082_1	(1.0, 4.448250673786554)	(2.0, 2.186342913276744)	(3.0, 1.2165940404523816)	(4.0, 0.8261756630815345)	(5.0, 0.768242613536183)	(6.0, 0.6045187778645374)	(7.0, 0.42316314450517617)	(8.0, 0.40301251857635834)	(9.0, 0.2040250875292814)	('>10', 6.863806957003601)	('>50', 4.161104254300899)	('>100', 22.289111105513715)	('>500', 11.752852572983048)	('>1k', 43.852799677589985)	('>5k', 0.0)	('>10k+', 0.0)
SRR35320082_2	(1.0, 5.382735951235485)	(2.0, 2.277020729956424)	(3.0, 1.4584015515981965)	(4.0, 1.0176066094053047)	(5.0, 0.9823430140298733)	(6.0, 0.9218911362434196)	(7.0, 0.45842673988060756)	(8.0, 0.6246694037933553)	(9.0, 0.6800836250976046)	('>10', 11.269237550691418)	('>50', 5.906652225384751)	('>100', 30.30402256870104)	('>500', 0.0)	('>1k', 38.71690889398252)	('>5k', 0.0)	('>10k+', 0.0)
SRR35320083_2	(1.0, 5.057593269646578)	(2.0, 2.2093800369540433)	(3.0, 1.1263120651020169)	(4.0, 0.7154931792271101)	(5.0, 0.6683178047725754)	(6.0, 0.3774029956362779)	(7.0, 0.45406297912489685)	(8.0, 0.4245783700908126)	(9.0, 0.3007430121476589)	('>10', 9.332861579588787)	('>50', 1.7101073239768843)	('>100', 20.051499783779533)	('>500', 41.61261155010418)	('>1k', 15.959036049848645)	('>5k', 0.0)	('>10k+', 0.0)
SRR35320084_1	(1.0, 4.6689855515633365)	(2.0, 2.274290956348903)	(3.0, 1.290038987844966)	(4.0, 0.8026909257702011)	(5.0, 0.5829065056188365)	(6.0, 0.4930815686874092)	(7.0, 0.4414800091736106)	(8.0, 0.3516550722421833)	(9.0, 0.5160155951379864)	('>10', 6.5686874092194785)	('>50', 5.750707132482226)	('>100', 21.716611879825702)	('>500', 23.323904900236986)	('>1k', 31.21894350584818)	('>5k', 0.0)	('>10k+', 0.0)
SRR35320084_2	(1.0, 5.0206406238055195)	(2.0, 2.16344316183778)	(3.0, 1.370308080421986)	(4.0, 0.9173610580230869)	(5.0, 0.7453558596437582)	(6.0, 0.6880207935173152)	(7.0, 0.45485819126978055)	(8.0, 0.29049766837397756)	(9.0, 0.5160155951379864)	('>10', 10.383380475498816)	('>50', 6.457839614708355)	('>100', 25.46632520449507)	('>500', 23.24936931427261)	('>1k', 22.27658435899396)	('>5k', 0.0)	('>10k+', 0.0)
SRR35320085_1	(1.0, 5.130307818469109)	(2.0, 2.0841250475028503)	(3.0, 1.3680820849250956)	(4.0, 0.9600576034562073)	(5.0, 0.5400324019441166)	(6.0, 0.7800468028081685)	(7.0, 0.4620277216632998)	(8.0, 0.4000240014400864)	(9.0, 0.6300378022681361)	('>10', 11.052663159789587)	('>50', 8.300498029881794)	('>100', 20.45522731363882)	('>500', 11.99271956317379)	('>1k', 35.844150649038944)	('>5k', 0.0)	('>10k+', 0.0)
SRR35320085_2	(1.0, 5.4463267796067765)	(2.0, 2.600156009360562)	(3.0, 1.5300918055083303)	(4.0, 1.0640638438306298)	(5.0, 0.6300378022681361)	(6.0, 0.8760525631537893)	(7.0, 0.6300378022681361)	(8.0, 0.5440326419585175)	(9.0, 0.39602376142568557)	('>10', 14.670880252815168)	('>50', 8.308498509910594)	('>100', 20.143208592515553)	('>500', 19.11514690881453)	('>1k', 24.045442726563593)	('>5k', 0.0)	('>10k+', 0.0)
SRR35320086_1	(1.0, 4.444325309601672)	(2.0, 2.219482120838471)	(3.0, 1.262531496274058)	(4.0, 0.8256044604085133)	(5.0, 0.6299254811558462)	(6.0, 0.4985793169999464)	(7.0, 0.2626923283117997)	(8.0, 0.27877553208599154)	(9.0, 0.28949766793545273)	('>10', 6.494933790811129)	('>50', 4.803516860558623)	('>100', 16.069801104379994)	('>500', 13.115852677853429)	('>1k', 48.804481852785074)	('>5k', 0.0)	('>10k+', 0.0)
SRR35320086_2	(1.0, 5.406637002090816)	(2.0, 2.139066101967512)	(3.0, 1.4876963491127433)	(4.0, 0.8470487321074358)	(5.0, 0.5227041226612341)	(6.0, 0.7719937811612073)	(7.0, 0.4690934434139281)	(8.0, 0.5789953358709055)	(9.0, 0.31362247359674045)	('>10', 11.268964777783735)	('>50', 6.795153594596043)	('>100', 19.42582962526135)	('>500', 18.163298128987293)	('>1k', 31.809896531389054)	('>5k', 0.0)	('>10k+', 0.0)
SRR35320087_1	(1.0, 4.850701281999759)	(2.0, 2.3911907728167825)	(3.0, 1.2960655869469115)	(4.0, 0.9082506128682232)	(5.0, 0.7133384238234939)	(6.0, 0.49431338664951974)	(7.0, 0.3375798738094281)	(8.0, 0.6108588192742033)	(9.0, 0.37977735803560664)	('>10', 8.789133143109753)	('>50', 7.205722782622674)	('>100', 28.804806494393766)	('>500', 20.327130972953423)	('>1k', 22.891130490696458)	('>5k', 0.0)	('>10k+', 0.0)
SRR35320087_2	(1.0, 4.685930153116585)	(2.0, 2.146043483502793)	(3.0, 1.253868102720733)	(4.0, 0.8198368363943255)	(5.0, 0.7133384238234939)	(6.0, 0.5787083551018768)	(7.0, 0.7032914037696419)	(8.0, 0.5304826588433871)	(9.0, 0.5606237190049431)	('>10', 10.645822449061608)	('>50', 8.22047180806173)	('>100', 43.65229272997629)	('>500', 25.489289876622596)	('>1k', 0.0)	('>5k', 0.0)	('>10k+', 0.0)
SRR35320088_1	(1.0, 5.3647964153516465)	(2.0, 2.610559127216053)	(3.0, 1.461133839859731)	(4.0, 0.9156438729787648)	(5.0, 0.7183908045977011)	(6.0, 0.5990648743424898)	(7.0, 0.5795830898110267)	(8.0, 0.3896356906292617)	(9.0, 0.5260081823495032)	('>10', 8.289499318137542)	('>50', 7.86577050457822)	('>100', 28.153613871030586)	('>500', 21.919442820962402)	('>1k', 20.606857588155076)	('>5k', 0.0)	('>10k+', 0.0)
SRR35320088_2	(1.0, 6.650594194428209)	(2.0, 2.888174556789402)	(3.0, 1.5926358854471068)	(4.0, 1.3345022404052211)	(5.0, 1.0227936879018118)	(6.0, 0.701344243132671)	(7.0, 0.8182349503214494)	(8.0, 0.7597895967270601)	(9.0, 0.8109292811221507)	('>10', 12.538963569062927)	('>50', 10.30586401714397)	('>100', 48.361094876290665)	('>500', 12.215078901227352)	('>1k', 0.0)	('>5k', 0.0)	('>10k+', 0.0)
SRR35320089_1	(1.0, 4.737867331336531)	(2.0, 2.3877845966948033)	(3.0, 1.3949688959638062)	(4.0, 0.9551138386779213)	(5.0, 0.5864734097145131)	(6.0, 0.3267494711266573)	(7.0, 0.5864734097145131)	(8.0, 0.4356659615022097)	(9.0, 0.4524223446369101)	('>10', 6.958088096684331)	('>50', 6.763295142743439)	('>100', 29.761430995119703)	('>500', 19.550510022411665)	('>1k', 25.103156483673)	('>5k', 0.0)	('>10k+', 0.0)
SRR35320089_2	(1.0, 5.967366943845171)	(2.0, 2.546970236474457)	(3.0, 1.4766562637454705)	(4.0, 1.0472739459187734)	(5.0, 1.0577466853779611)	(6.0, 0.9299792639758707)	(7.0, 0.9823429612718095)	(8.0, 0.7205244747921161)	(9.0, 0.5655279307961377)	('>10', 7.873405525417339)	('>50', 6.017636093249272)	('>100', 47.92535031313491)	('>500', 11.72318455061475)	('>1k', 11.166034811385963)	('>5k', 0.0)	('>10k+', 0.0)
SRR35320090_1	(1.0, 4.350146784093941)	(2.0, 2.1884174005871366)	(3.0, 1.3410728582866294)	(4.0, 0.9518726091984699)	(5.0, 0.7116804554754915)	(6.0, 0.5204163330664532)	(7.0, 0.4359042789787385)	(8.0, 0.28467218219019663)	(9.0, 0.2602081665332266)	('>10', 7.6349968863980076)	('>50', 5.93363579752691)	('>100', 22.224446223645582)	('>500', 20.382973045102748)	('>1k', 32.77955697891647)	('>5k', 0.0)	('>10k+', 0.0)
SRR35320090_2	(1.0, 5.824659727782225)	(2.0, 2.2595854461346856)	(3.0, 1.3277288497464639)	(4.0, 1.0230406547460191)	(5.0, 0.9229605906947781)	(6.0, 0.573792367227115)	(7.0, 0.7316964682857396)	(8.0, 0.5871363757672805)	(9.0, 0.4603682946357086)	('>10', 9.721110221510541)	('>50', 9.22960590694778)	('>100', 27.64656169379948)	('>500', 30.506627524241615)	('>1k', 9.185125878480562)	('>5k', 0.0)	('>10k+', 0.0)
SRR35320091_1	(1.0, 4.065685164212911)	(2.0, 2.3405058512646284)	(3.0, 1.058890147225368)	(4.0, 0.7776519441298604)	(5.0, 0.5756889392223481)	(6.0, 0.362400906002265)	(7.0, 0.3699509248773122)	(8.0, 0.34730086825217066)	(9.0, 0.3567383918459796)	('>10', 6.28161570403926)	('>50', 4.077010192525481)	('>100', 25.702151755379386)	('>500', 13.716496791241978)	('>1k', 39.96791241978105)	('>5k', 0.0)	('>10k+', 0.0)
SRR35320091_2	(1.0, 4.907512268780672)	(2.0, 2.2197055492638733)	(3.0, 1.2967157417893544)	(4.0, 0.807852019630049)	(5.0, 0.7644394110985278)	(6.0, 0.6568516421291053)	(7.0, 0.4492261230653076)	(8.0, 0.5738014345035862)	(9.0, 0.49263873159682897)	('>10', 9.59041147602869)	('>50', 5.419026047565119)	('>100', 17.79350698376746)	('>500', 46.898829747074366)	('>1k', 8.12948282370706)	('>5k', 0.0)	('>10k+', 0.0)
SRR35320092_1	(1.0, 4.964597511514402)	(2.0, 2.3262528356362133)	(3.0, 1.526087853165601)	(4.0, 1.000893655049151)	(5.0, 0.6393070736234274)	(6.0, 0.6434316353887399)	(7.0, 0.45232694026259707)	(8.0, 0.38495909809582735)	(9.0, 0.4330789853578057)	('>10', 4.465525537911597)	('>50', 3.3078985357805735)	('>100', 25.821131504777618)	('>500', 16.522994431841617)	('>1k', 37.51151440159483)	('>5k', 0.0)	('>10k+', 0.0)
SRR35320092_2	(1.0, 5.170825599780024)	(2.0, 1.9632914002887192)	(3.0, 1.0558878119199835)	(4.0, 0.6599298824499897)	(5.0, 0.6461813432322816)	(6.0, 0.40420705300061865)	(7.0, 0.394583075548223)	(8.0, 0.34096377259916133)	(9.0, 0.4578263559496804)	('>10', 7.9824018698013335)	('>50', 8.126761531587269)	('>100', 31.628514470337528)	('>500', 19.293325084209805)	('>1k', 21.875300749295388)	('>5k', 0.0)	('>10k+', 0.0)
SRR35320093_1	(1.0, 6.605387463296311)	(2.0, 2.379675730882165)	(3.0, 1.011106855610877)	(4.0, 0.653644835950466)	(5.0, 0.4723605259798289)	(6.0, 0.3676752202221371)	(7.0, 0.3932082216264522)	(8.0, 0.28596961572832885)	(9.0, 0.32171581769436997)	('>10', 3.5414272947785013)	('>50', 4.636793055023618)	('>100', 38.91740074045704)	('>500', 22.300523426528787)	('>1k', 18.113111196221116)	('>5k', 0.0)	('>10k+', 0.0)
SRR35320093_2	(1.0, 10.787693093323119)	(2.0, 2.246904123579727)	(3.0, 1.0647261585599386)	(4.0, 0.6127920337035618)	(5.0, 0.5361930294906166)	(6.0, 0.4902336269628495)	(7.0, 0.3574620196604111)	(8.0, 0.28596961572832885)	(9.0, 0.09191880505553428)	('>10', 4.57296055151283)	('>50', 9.4165709179114)	('>100', 59.34890846418996)	('>500', 10.187667560321715)	('>1k', 0.0)	('>5k', 0.0)	('>10k+', 0.0)
SRR35320094_1	(1.0, 6.094992477971202)	(2.0, 2.1233612722974424)	(3.0, 1.1992263056092844)	(4.0, 0.7565011820330969)	(5.0, 0.5157962604771116)	(6.0, 0.46421663442940037)	(7.0, 0.4513217279174726)	(8.0, 0.3266709649688373)	(9.0, 0.3481624758220503)	('>10', 3.980227810015044)	('>50', 4.134966688158177)	('>100', 24.231678486997634)	('>500', 25.069847410272946)	('>1k', 30.303030303030305)	('>5k', 0.0)	('>10k+', 0.0)
SRR35320094_2	(1.0, 9.673329035031163)	(2.0, 2.2179239200515797)	(3.0, 1.0767246937459702)	(4.0, 0.6791317429615302)	(5.0, 0.4513217279174726)	(6.0, 0.3868471953578337)	(7.0, 0.42123361272297444)	(8.0, 0.37825059101654845)	(9.0, 0.2514506769825919)	('>10', 8.977004083387062)	('>50', 2.353320438426821)	('>100', 72.03954437996991)	('>500', 1.0939179024285408)	('>1k', 0.0)	('>5k', 0.0)	('>10k+', 0.0)
SRR35320095_1	(1.0, 5.97426617133564)	(2.0, 2.576571692788469)	(3.0, 1.4828042538943542)	(4.0, 0.9821585165579807)	(5.0, 0.558044611680671)	(6.0, 0.4687574738117635)	(7.0, 0.5022401505126038)	(8.0, 0.39541446770516114)	(9.0, 0.2869943717214879)	('>10', 7.984821186562286)	('>50', 6.769878346274654)	('>100', 28.311994770324784)	('>500', 12.83183724230297)	('>1k', 30.87421674452718)	('>5k', 0.0)	('>10k+', 0.0)
SRR35320095_2	(1.0, 5.980643824040562)	(2.0, 2.3756756325834276)	(3.0, 1.3345238285049188)	(4.0, 0.7972065881152441)	(5.0, 0.5979049410864331)	(6.0, 0.4878904319265295)	(7.0, 0.4575965815781502)	(8.0, 0.45919099475438063)	(9.0, 0.4161418389961574)	('>10', 10.594875556051596)	('>50', 11.068416269392051)	('>100', 36.097514309858255)	('>500', 22.230902916181698)	('>1k', 7.101516286930595)	('>5k', 0.0)	('>10k+', 0.0)
SRR35320100_1	(1.0, 5.55169554205796)	(2.0, 2.4833583611627854)	(3.0, 1.5801152027254188)	(4.0, 0.9861711903534527)	(5.0, 0.7396283927650895)	(6.0, 0.5580832418136584)	(7.0, 0.43929443933926526)	(8.0, 0.3944684761413811)	(9.0, 0.38326198534191)	('>10', 7.389560033171212)	('>50', 5.763498218167963)	('>100', 27.167895645157675)	('>500', 13.019701010825472)	('>1k', 33.54326826097675)	('>5k', 0.0)	('>10k+', 0.0)
SRR35320100_2	(1.0, 5.521438016899388)	(2.0, 2.109061568460452)	(3.0, 1.3313311069771612)	(4.0, 0.7216980074859358)	(5.0, 0.5491180491740817)	(6.0, 0.5177398749355627)	(7.0, 0.41576080866037607)	(8.0, 0.573772328932918)	(9.0, 0.5244637694152453)	('>10', 10.894950355245758)	('>50', 10.740300782213058)	('>100', 38.04267431696439)	('>500', 28.057691014635676)	('>1k', 0.0)	('>5k', 0.0)	('>10k+', 0.0)
SRR35320110_1	(1.0, 7.8969362657305915)	(2.0, 2.344962628650572)	(3.0, 1.167705423024572)	(4.0, 1.060247868758507)	(5.0, 0.5611672278338945)	(6.0, 0.5587792821835376)	(7.0, 0.5516154452324665)	(8.0, 0.4584855648685436)	(9.0, 0.4513217279174726)	('>10', 8.849726580223034)	('>50', 7.0038445924970745)	('>100', 29.8923036511689)	('>500', 21.520166201017265)	('>1k', 17.68273754089357)	('>5k', 0.0)	('>10k+', 0.0)
SRR35320110_2	(1.0, 12.16180719726819)	(2.0, 2.134823411419156)	(3.0, 1.096067053513862)	(4.0, 0.8978675645342313)	(5.0, 0.9193590753874442)	(6.0, 0.8883157819328031)	(7.0, 0.6853404016524585)	(8.0, 0.8596604341285192)	(9.0, 0.5372877713303246)	('>10', 11.349905676146811)	('>50', 16.18788356377009)	('>100', 52.28168206891611)	('>500', 0.0)	('>1k', 0.0)	('>5k', 0.0)	('>10k+', 0.0)
SRR35320111_1	(1.0, 5.598185970850655)	(2.0, 2.0802182093034722)	(3.0, 1.16334478055834)	(4.0, 0.7558454788938366)	(5.0, 0.5504526857161636)	(6.0, 0.58167239027917)	(7.0, 0.36806388537439)	(8.0, 0.4337895791912454)	(9.0, 0.2218242166318868)	('>10', 4.82097964146634)	('>50', 7.497658522157774)	('>100', 29.24464746380979)	('>500', 18.183013194433034)	('>1k', 28.500303981333904)	('>5k', 0.0)	('>10k+', 0.0)
SRR35320111_2	(1.0, 6.324454887526906)	(2.0, 2.1163673409027424)	(3.0, 1.1978507698121887)	(4.0, 0.8872968665275472)	(5.0, 0.8544340196191196)	(6.0, 0.5619546821341133)	(7.0, 0.552095828061585)	(8.0, 0.3417736078476479)	(9.0, 0.3401304655022265)	('>10', 7.880510688640957)	('>50', 7.82464384889663)	('>100', 37.36834321957311)	('>500', 33.75014377495523)	('>1k', 0.0)	('>5k', 0.0)	('>10k+', 0.0)
SRR35320112_1	(1.0, 5.799074326163899)	(2.0, 2.261334699956759)	(3.0, 1.4365561089668646)	(4.0, 0.8648163866690156)	(5.0, 0.696657644816707)	(6.0, 0.5092807610384202)	(7.0, 0.4820550599766179)	(8.0, 0.37155074390224374)	(9.0, 0.30268573533415544)	('>10', 6.329174740955462)	('>50', 5.539629410163194)	('>100', 32.90946653641037)	('>500', 22.922438782210406)	('>1k', 19.575279063435882)	('>5k', 0.0)	('>10k+', 0.0)
SRR35320112_2	(1.0, 6.080940407744912)	(2.0, 2.1332137537835716)	(3.0, 1.3356608638554797)	(4.0, 0.7751317243477842)	(5.0, 0.66462740827341)	(6.0, 0.7591166060761358)	(7.0, 0.5605291395076953)	(8.0, 0.4484233116061562)	(9.0, 0.5621306513348601)	('>10', 9.706763184446118)	('>50', 5.360260085520731)	('>100', 47.204561105683766)	('>500', 24.40864175781938)	('>1k', 0.0)	('>5k', 0.0)	('>10k+', 0.0)
SRR35320113_1	(1.0, 5.796288928274315)	(2.0, 2.5319202806814483)	(3.0, 1.2641516258545231)	(4.0, 0.8174485477628677)	(5.0, 0.5877672080153362)	(6.0, 0.6076608673635476)	(7.0, 0.3038304336817738)	(8.0, 0.4340434766882483)	(9.0, 0.47202228089847)	('>10', 7.18522805367671)	('>50', 6.570333128368358)	('>100', 27.737186674865267)	('>500', 22.92111259811191)	('>1k', 22.771005895757224)	('>5k', 0.0)	('>10k+', 0.0)
SRR35320113_2	(1.0, 5.57745867544399)	(2.0, 2.253409049806489)	(3.0, 1.2207472781856983)	(4.0, 0.7017036206460014)	(5.0, 0.6510652150323725)	(6.0, 0.6185119542807538)	(7.0, 0.4557456505226607)	(8.0, 0.37617101312981516)	(9.0, 0.520852172025898)	('>10', 7.883314645350309)	('>50', 7.3696965312692155)	('>100', 48.960104170434406)	('>500', 23.411220023872392)	('>1k', 0.0)	('>5k', 0.0)	('>10k+', 0.0)
SRR35320114_1	(1.0, 5.364459023088999)	(2.0, 2.1978583006802896)	(3.0, 1.095100128910388)	(4.0, 0.7811203716703468)	(5.0, 0.5871166192293455)	(6.0, 0.5513790858849507)	(7.0, 0.39311286678834445)	(8.0, 0.32674316200589665)	(9.0, 0.3790731215459036)	('>10', 6.93308146881262)	('>50', 6.1570664590486155)	('>100', 15.681119095329871)	('>500', 25.318766034027234)	('>1k', 34.234004262977194)	('>5k', 0.0)	('>10k+', 0.0)
SRR35320114_2	(1.0, 5.323616127838262)	(2.0, 2.016617953005144)	(3.0, 1.125732300348441)	(4.0, 0.6994345811688726)	(5.0, 0.6892238573561883)	(6.0, 0.4977727858683582)	(7.0, 0.4645879334771344)	(8.0, 0.4390611239454237)	(9.0, 0.21825422149612633)	('>10', 8.735274221751395)	('>50', 5.996247558998839)	('>100', 28.64363297553255)	('>500', 43.87037486119797)	('>1k', 1.2801694980152907)	('>5k', 0.0)	('>10k+', 0.0)
SRR35320115_1	(1.0, 5.1498819965479585)	(2.0, 2.2156469054915635)	(3.0, 1.1095846982986368)	(4.0, 0.7115432033534115)	(5.0, 0.44911761597801964)	(6.0, 0.2747543062453767)	(7.0, 0.33287540948959105)	(8.0, 0.35224911057099584)	(9.0, 0.253619359611117)	('>10', 5.551445982598894)	('>50', 5.8297227799499804)	('>100', 21.765472542181833)	('>500', 26.175631406530698)	('>1k', 29.82845468315192)	('>5k', 0.0)	('>10k+', 0.0)
SRR35320115_2	(1.0, 5.1375532776779735)	(2.0, 1.9655500369861567)	(3.0, 1.0725985416886823)	(4.0, 0.7044982211419917)	(5.0, 0.4843425270351192)	(6.0, 0.3698615660995456)	(7.0, 0.27123181513966677)	(8.0, 0.2677093240339568)	(9.0, 0.15851209975694813)	('>10', 7.726584240374793)	('>50', 7.784705343619007)	('>100', 18.20599527986192)	('>500', 22.957835781464652)	('>1k', 32.893021945119585)	('>5k', 0.0)	('>10k+', 0.0)
SRR35320116_1	(1.0, 6.0349640589015285)	(2.0, 2.282085281596762)	(3.0, 1.2614278735431643)	(4.0, 0.7397585316491032)	(5.0, 0.4972433526414963)	(6.0, 0.4396678065461651)	(7.0, 0.31753786028334147)	(8.0, 0.2651964547421313)	(9.0, 0.21983390327308255)	('>10', 5.16609672691744)	('>50', 6.956172796426826)	('>100', 25.985763137692793)	('>500', 29.360039081582805)	('>1k', 20.474213134203364)	('>5k', 0.0)	('>10k+', 0.0)
SRR35320116_2	(1.0, 5.110265894340149)	(2.0, 1.9331425779886942)	(3.0, 1.0311256891618397)	(4.0, 0.7816316560820713)	(5.0, 0.6542675692651266)	(6.0, 0.6176285853862795)	(7.0, 0.5495847581827064)	(8.0, 0.43268895247400374)	(9.0, 0.32975085490962386)	('>10', 6.446716449159048)	('>50', 7.1219205806406585)	('>100', 38.75183194919394)	('>500', 36.239444483215856)	('>1k', 0.0)	('>5k', 0.0)	('>10k+', 0.0)
SRR35320117_1	(1.0, 5.638934988094379)	(2.0, 2.3558698318782016)	(3.0, 1.1093874016884335)	(4.0, 0.8875099213507468)	(5.0, 0.4690093080308825)	(6.0, 0.42210837722779415)	(7.0, 0.4166967313658994)	(8.0, 0.27419005700266974)	(9.0, 0.16234937585684395)	('>10', 6.780792264954181)	('>50', 4.726170719388123)	('>100', 39.16047333862472)	('>500', 12.444981600404068)	('>1k', 25.151526084133053)	('>5k', 0.0)	('>10k+', 0.0)
SRR35320117_2	(1.0, 5.474781730283571)	(2.0, 2.0492098997041635)	(3.0, 1.1689155061692764)	(4.0, 0.7287683094018328)	(5.0, 0.5682228154989538)	(6.0, 0.4654015441229526)	(7.0, 0.46720542607691756)	(8.0, 0.5050869471101811)	(9.0, 0.3084638141280035)	('>10', 8.860668157875748)	('>50', 5.774226134641749)	('>100', 25.833393462731795)	('>500', 26.379969694783174)	('>1k', 21.41568655747168)	('>5k', 0.0)	('>10k+', 0.0)
SRR35320118_1	(1.0, 5.574800375763269)	(2.0, 2.266322217003288)	(3.0, 1.3650775011742602)	(4.0, 0.8102395490840771)	(5.0, 0.6605213715359324)	(6.0, 0.4931892907468295)	(7.0, 0.39044152184124004)	(8.0, 0.5166744950681071)	(9.0, 0.4227336777829967)	('>10', 6.25587130108032)	('>50', 2.8299671207139503)	('>100', 23.52043212775951)	('>500', 29.133395960544856)	('>1k', 25.76033348990136)	('>5k', 0.0)	('>10k+', 0.0)
SRR35320118_2	(1.0, 5.2049084077031464)	(2.0, 1.9610145608266794)	(3.0, 1.277007984969469)	(4.0, 0.7515265382808831)	(5.0, 0.7045561296383279)	(6.0, 0.6869422263973696)	(7.0, 0.5959370596524189)	(8.0, 0.4227336777829967)	(9.0, 0.264208548614373)	('>10', 9.159229685298262)	('>50', 5.351690934711132)	('>100', 34.843236261155475)	('>500', 38.77700798496947)	('>1k', 0.0)	('>5k', 0.0)	('>10k+', 0.0)
SRR35320119_1	(1.0, 5.822067160924553)	(2.0, 2.663625079673924)	(3.0, 1.479418967425945)	(4.0, 0.9326042470394847)	(5.0, 0.9560870877922776)	(6.0, 0.6441007749337448)	(7.0, 0.3639840316682881)	(8.0, 0.48307558120030863)	(9.0, 0.4075950216377604)	('>10', 8.596397061290215)	('>50', 5.1544835452380156)	('>100', 23.643865946526216)	('>500', 12.402294609010701)	('>1k', 36.450400885638565)	('>5k', 0.0)	('>10k+', 0.0)
SRR35320119_2	(1.0, 6.227984836794257)	(2.0, 2.3147371599181454)	(3.0, 1.439162668992586)	(4.0, 0.9929886946895233)	(5.0, 0.6960984937435003)	(6.0, 0.7548055956254822)	(7.0, 0.6105538595726123)	(8.0, 0.4696568150558556)	(9.0, 0.3472105739877218)	('>10', 12.170820893018886)	('>50', 11.697809386426918)	('>100', 36.088094199738336)	('>500', 26.190076822436176)	('>1k', 0.0)	('>5k', 0.0)	('>10k+', 0.0)
SRR35320120_1	(1.0, 5.351747949935262)	(2.0, 2.4733574582517184)	(3.0, 1.1652999568407425)	(4.0, 0.829985724245543)	(5.0, 0.5809900069718801)	(6.0, 0.38843331894691413)	(7.0, 0.31373460376481527)	(8.0, 0.27887520334650245)	(9.0, 0.43325254805617347)	('>10', 7.708907406792603)	('>50', 8.616911789117228)	('>100', 39.01928886823146)	('>500', 9.652733972975664)	('>1k', 23.186481192523487)	('>5k', 0.0)	('>10k+', 0.0)
SRR35320120_2	(1.0, 6.045616015404534)	(2.0, 2.157962883038412)	(3.0, 1.120480727731483)	(4.0, 0.7967862952757212)	(5.0, 0.8216858670030875)	(6.0, 0.6473888649115235)	(7.0, 0.4996514059958169)	(8.0, 0.46479200557750405)	(9.0, 0.6424089505660503)	('>10', 9.959828690946516)	('>50', 9.038544537033962)	('>100', 60.96245144583513)	('>500', 6.8424023106802565)	('>1k', 0.0)	('>5k', 0.0)	('>10k+', 0.0)
SRR35320121_1	(1.0, 7.246261110224067)	(2.0, 2.3311512054925756)	(3.0, 1.2613763372185853)	(4.0, 0.8941401884081112)	(5.0, 0.6120602480174571)	(6.0, 0.5109372505189207)	(7.0, 0.42844217361221987)	(8.0, 0.4044919899941455)	(9.0, 0.4311033051253393)	('>10', 8.789717387833306)	('>50', 7.690670072915004)	('>100', 28.655064133269466)	('>500', 19.921230507211664)	('>1k', 20.823354090159135)	('>5k', 0.0)	('>10k+', 0.0)
SRR35320121_2	(1.0, 10.671137367608708)	(2.0, 2.214061418915323)	(3.0, 0.8861567938687529)	(4.0, 0.6280270370961732)	(5.0, 0.5854489328862632)	(6.0, 0.6386715631486508)	(7.0, 0.5402096971632339)	(8.0, 0.3406248336792804)	(9.0, 0.5987545904518601)	('>10', 15.772526478258555)	('>50', 15.256266964713397)	('>100', 41.045292458353295)	('>500', 10.822821863856511)	('>1k', 0.0)	('>5k', 0.0)	('>10k+', 0.0)
SRR35320122_1	(1.0, 7.4995718025887586)	(2.0, 2.1532212679537057)	(3.0, 1.152462746825222)	(4.0, 0.7634148131835865)	(5.0, 0.7829895519831657)	(6.0, 0.44043162299053074)	(7.0, 0.479581100589689)	(8.0, 0.5872421639873743)	(9.0, 0.35234529839242457)	('>10', 9.907264674936995)	('>50', 8.145538182974871)	('>100', 40.0278940027894)	('>500', 18.65717291834887)	('>1k', 9.050869852455406)	('>5k', 0.0)	('>10k+', 0.0)
SRR35320122_2	(1.0, 11.05483373706232)	(2.0, 2.197264430252759)	(3.0, 1.181824855024591)	(4.0, 1.1157601115760112)	(5.0, 0.8196921872323767)	(6.0, 0.7340527049842178)	(7.0, 0.7878832366830605)	(8.0, 0.4306442535907411)	(9.0, 0.6606474344857961)	('>10', 17.46556069392449)	('>50', 18.75994029704666)	('>100', 44.79189605813698)	('>500', 0.0)	('>1k', 0.0)	('>5k', 0.0)	('>10k+', 0.0)
SRR35320123_1	(1.0, 7.227515686730188)	(2.0, 2.2155085599194364)	(3.0, 1.2162057479278023)	(4.0, 0.7126810752188396)	(5.0, 0.41314844940222584)	(6.0, 0.3408474707568363)	(7.0, 0.3976553825496424)	(8.0, 0.41314844940222584)	(9.0, 0.3021148036253776)	('>10', 11.105946755493584)	('>50', 7.144885996849743)	('>100', 40.077981769824675)	('>500', 11.038810132465722)	('>1k', 17.393549719833707)	('>5k', 0.0)	('>10k+', 0.0)
SRR35320123_2	(1.0, 11.449376404059183)	(2.0, 2.096728380716296)	(3.0, 1.1232473468123017)	(4.0, 0.7539959201590621)	(5.0, 0.8262968988044517)	(6.0, 0.9140909443024247)	(7.0, 0.7953107650992848)	(8.0, 0.6816949415136726)	(9.0, 0.906344410876133)	('>10', 17.780876391148297)	('>50', 15.756448989077388)	('>100', 46.91558860743151)	('>500', 0.0)	('>1k', 0.0)	('>5k', 0.0)	('>10k+', 0.0)
SRR35320124_1	(1.0, 7.7337874272740175)	(2.0, 2.338583794522492)	(3.0, 1.2175393784589186)	(4.0, 0.8060167447140627)	(5.0, 0.5818078615013481)	(6.0, 0.6981694338016177)	(7.0, 0.39733219809848164)	(8.0, 0.476798637718178)	(9.0, 0.38314176245210724)	('>10', 7.884206045125586)	('>50', 7.415921668795232)	('>100', 43.417056903646944)	('>500', 18.870441322548604)	('>1k', 7.779196821342415)	('>5k', 0.0)	('>10k+', 0.0)
SRR35320124_2	(1.0, 12.802611040158931)	(2.0, 2.168298566766)	(3.0, 1.2005108556832695)	(4.0, 0.7151979565772669)	(5.0, 0.6669504753795941)	(6.0, 0.5108556832694764)	(7.0, 0.5363984674329502)	(8.0, 0.6130268199233717)	(9.0, 0.5619412515964239)	('>10', 13.841350929473533)	('>50', 30.75351213282248)	('>100', 35.629345820916704)	('>500', 0.0)	('>1k', 0.0)	('>5k', 0.0)	('>10k+', 0.0)
SRR35320125_1	(1.0, 4.807302935289422)	(2.0, 2.309356596591501)	(3.0, 1.3085582719163265)	(4.0, 0.8469183510545983)	(5.0, 0.630560794159503)	(6.0, 0.45816894401314345)	(7.0, 0.3806504610614247)	(8.0, 0.30544596267542895)	(9.0, 0.3852784301928706)	('>10', 5.020189515335933)	('>50', 4.057571935995187)	('>100', 22.827457740856868)	('>500', 25.567215466672838)	('>1k', 31.09532459418496)	('>5k', 0.0)	('>10k+', 0.0)
SRR35320125_2	(1.0, 4.949612986081383)	(2.0, 1.9807707882588423)	(3.0, 1.1523643137300275)	(4.0, 0.6617995857967627)	(5.0, 0.5727111800164293)	(6.0, 0.43040112922446805)	(7.0, 0.25106732538093973)	(8.0, 0.38874940704145505)	(9.0, 0.33321377746410435)	('>10', 7.0923626939408315)	('>50', 5.479515451631937)	('>100', 28.34862491467182)	('>500', 20.956601219469867)	('>1k', 27.402205227291134)	('>5k', 0.0)	('>10k+', 0.0)
SRR35320126_1	(1.0, 5.118772746839902)	(2.0, 2.4002400240024)	(3.0, 1.4636246233318984)	(4.0, 0.8192123560182105)	(5.0, 0.6065823973701718)	(6.0, 0.532227135757054)	(7.0, 0.42004200420042004)	(8.0, 0.3652539166960174)	(9.0, 0.23480608930458263)	('>10', 4.229118564030316)	('>50', 3.503828643733939)	('>100', 27.191849619744584)	('>500', 25.02511120677285)	('>1k', 28.089330672197654)	('>5k', 0.0)	('>10k+', 0.0)
SRR35320126_2	(1.0, 5.327489270666197)	(2.0, 2.134126456123873)	(3.0, 1.1740304465229132)	(4.0, 0.8922631393574141)	(5.0, 0.5478808750440262)	(6.0, 0.532227135757054)	(7.0, 0.39264796044821876)	(8.0, 0.4278688738439061)	(9.0, 0.32872852502641564)	('>10', 7.739469599133826)	('>50', 7.067663288067936)	('>100', 23.67758514981933)	('>500', 39.72005896241798)	('>1k', 10.037960317770908)	('>5k', 0.0)	('>10k+', 0.0)
SRR35320128_1	(1.0, 4.92735148353864)	(2.0, 2.344004058431)	(3.0, 1.3736228000572341)	(4.0, 0.910545416704606)	(5.0, 0.689412958362059)	(6.0, 0.60095997502504)	(7.0, 0.47348361668639516)	(8.0, 0.41624933335067704)	(9.0, 0.25755427501073147)	('>10', 5.140679266880862)	('>50', 4.278262679344928)	('>100', 21.250829246718787)	('>500', 18.804063634116837)	('>1k', 38.53298125577221)	('>5k', 0.0)	('>10k+', 0.0)
SRR35320128_2	(1.0, 5.338397700222433)	(2.0, 2.3518087334313256)	(3.0, 1.3111854000546328)	(4.0, 0.8116862000338202)	(5.0, 0.6699012708612458)	(6.0, 0.5151085500214629)	(7.0, 0.41885089168411876)	(8.0, 0.33299946668054164)	(9.0, 0.339503362514146)	('>10', 10.134370487922267)	('>50', 5.1966127710498595)	('>100', 37.589916359899576)	('>500', 23.654669146818943)	('>1k', 11.334989658805625)	('>5k', 0.0)	('>10k+', 0.0)
SRR35320139_1	(1.0, 4.957891497160125)	(2.0, 2.3390503903080497)	(3.0, 1.2212864777146695)	(4.0, 1.0016507652276097)	(5.0, 0.6994767913600627)	(6.0, 0.47844212529028285)	(7.0, 0.4308777034777986)	(8.0, 0.42528188914691806)	(9.0, 0.5413950365126885)	('>10', 7.109482107383677)	('>50', 4.878151142945077)	('>100', 22.241963011667274)	('>500', 17.71355026440223)	('>1k', 35.96150079740354)	('>5k', 0.0)	('>10k+', 0.0)
SRR35320139_2	(1.0, 5.362189082566241)	(2.0, 2.1040261884110687)	(3.0, 1.2128927562183487)	(4.0, 0.6770935340365406)	(5.0, 0.47564421812484264)	(6.0, 0.49522956828292436)	(7.0, 0.3721216530035534)	(8.0, 0.5148149184410061)	(9.0, 0.390308049578915)	('>10', 11.696650905122969)	('>50', 8.728071402590862)	('>100', 33.53151842421869)	('>500', 16.051593408130717)	('>1k', 18.387845891273326)	('>5k', 0.0)	('>10k+', 0.0)
SRR35320140_1	(1.0, 4.859750438279881)	(2.0, 2.075384139424564)	(3.0, 1.3187068165411981)	(4.0, 0.8765597607507477)	(5.0, 0.7669897906569042)	(6.0, 0.6264824172424461)	(7.0, 0.5233577395070641)	(8.0, 0.2578116943384552)	(9.0, 0.32484273486645354)	('>10', 6.385995668763535)	('>50', 3.6080746622666804)	('>100', 19.169588532535837)	('>500', 11.314066206043107)	('>1k', 40.747138290192844)	('>5k', 7.145251108590285)	('>10k+', 0.0)
SRR35320140_2	(1.0, 5.340569248221099)	(2.0, 2.0805403733113335)	(3.0, 1.2142930803341239)	(4.0, 0.7528101474682891)	(5.0, 0.7605444982984428)	(6.0, 0.4021862431679901)	(7.0, 0.4962875116015263)	(8.0, 0.3609363720738373)	(9.0, 0.336444261111684)	('>10', 7.387594101268434)	('>50', 6.862947303289678)	('>100', 30.2735382076931)	('>500', 38.02593585645045)	('>1k', 5.705372795710013)	('>5k', 0.0)	('>10k+', 0.0)
SRR35320141_1	(1.0, 6.057057696401959)	(2.0, 2.631466893761976)	(3.0, 1.6031509474132424)	(4.0, 0.9623163721524377)	(5.0, 0.7877368533106239)	(6.0, 0.4726421119863743)	(7.0, 0.5514157973174367)	(8.0, 0.39173940813285074)	(9.0, 0.30657866723440497)	('>10', 7.242921013412816)	('>50', 5.512028954651906)	('>100', 24.781775601447734)	('>500', 16.883116883116884)	('>1k', 31.816052799659357)	('>5k', 0.0)	('>10k+', 0.0)
SRR35320141_2	(1.0, 5.639770065999574)	(2.0, 2.299340004258037)	(3.0, 1.2518628912071534)	(4.0, 0.9282520757930594)	(5.0, 0.6387055567383436)	(6.0, 0.395997445177773)	(7.0, 0.38748137108792846)	(8.0, 0.5450287417500532)	(9.0, 0.6514796678731105)	('>10', 10.977219501809666)	('>50', 7.86246540344901)	('>100', 42.518628912071534)	('>500', 23.744943581009153)	('>1k', 2.158824781775601)	('>5k', 0.0)	('>10k+', 0.0)
