Sample	fastqc-percent_duplicates	fastqc-percent_gc	fastqc-avg_sequence_length	fastqc-median_sequence_length	fastqc-percent_fails	fastqc-total_sequences
SRR35320041_1	91.28527173075037	52.0	300.28284668974896	301	36.36363636363637	0.071339
SRR35320041_2	91.37918950363756	51.0	300.891763271142	301	54.54545454545454	0.071339
SRR35320051_1	92.16533284830848	52.0	300.3438182066206	301	36.36363636363637	0.08796799999999999
SRR35320051_2	92.21989814477992	51.0	300.9000204619862	301	45.45454545454545	0.08796799999999999
SRR35320062_1	92.64817700218137	51.0	300.12437519476475	301	36.36363636363637	0.08022499999999999
SRR35320062_2	92.75662200062325	50.0	300.91842941726395	301	54.54545454545454	0.08022499999999999
SRR35320071_1	91.89420165997943	53.0	300.02822399582834	301	36.36363636363637	0.069037
SRR35320071_2	91.16270985123919	51.0	300.93003751611457	301	54.54545454545454	0.069037
SRR35320072_1	92.29280877136408	51.0	300.2880146189401	301	45.45454545454545	0.046515
SRR35320072_2	91.86498978824035	50.0	300.7431796194776	301	45.45454545454545	0.046515
SRR35320073_1	92.34351428758828	52.0	299.78833162071754	301	36.36363636363637	0.045738999999999995
SRR35320073_2	90.58790091606726	52.0	300.7949233695533	301	36.36363636363637	0.045738999999999995
SRR35320074_1	93.31941959848936	51.0	300.33546014708804	301	36.36363636363637	0.05031
SRR35320074_2	92.30570463128603	51.0	300.75420393559926	301	45.45454545454545	0.05031
SRR35320075_1	92.72987859712231	51.0	300.7269840377698	301	36.36363636363637	0.035584
SRR35320075_2	91.94019784172662	50.0	300.81244379496405	301	45.45454545454545	0.035584
SRR35320076_1	92.61648908376308	51.0	300.50700865574663	301	36.36363636363637	0.044017
SRR35320076_2	90.20605675080083	51.0	300.79496558147986	301	45.45454545454545	0.044017
SRR35320077_1	92.05574451168337	52.0	300.1664163611467	301	36.36363636363637	0.045278
SRR35320077_2	90.74605768806043	52.0	300.8101285392464	301	45.45454545454545	0.045278
SRR35320078_1	91.66784552270477	52.0	300.35125194511244	301	36.36363636363637	0.035345
SRR35320078_2	89.83448861225067	51.0	300.7848351959259	301	45.45454545454545	0.035345
SRR35320079_1	92.58186096163482	51.0	300.64458290669046	301	36.36363636363637	0.045901
SRR35320079_2	91.20934184440426	50.0	300.74136729047297	301	45.45454545454545	0.045901
SRR35320080_1	92.29288559394713	52.0	300.3676602313659	301	45.45454545454545	0.052471
SRR35320080_2	91.34760153227496	51.0	300.90328943606943	301	54.54545454545454	0.052471
SRR35320081_1	93.31362490218243	53.0	300.5052749036316	301	36.36363636363637	0.034503
SRR35320081_2	92.21227139669014	52.0	300.8039445845289	301	45.45454545454545	0.034503
SRR35320082_1	92.94728092491373	51.0	300.8879877081182	301	36.36363636363637	0.039701
SRR35320082_2	91.44605929321679	51.0	300.7598423213521	301	45.45454545454545	0.039701
SRR35320083_2	92.30844832330857	51.0	300.73758697959664	301	45.45454545454545	0.050873999999999996
SRR35320084_1	92.65537802920267	52.0	300.4021768213439	301	45.45454545454545	0.052323999999999996
SRR35320084_2	92.04953749713324	51.0	300.7798237902301	301	45.45454545454545	0.052323999999999996
SRR35320085_1	91.97951877112627	51.0	300.53453207192433	301	45.45454545454545	0.049997
SRR35320085_2	91.13546812808768	51.0	300.4446066764006	301	45.45454545454545	0.049997
SRR35320086_1	93.02793116388784	52.0	300.9159920656195	301	36.36363636363637	0.037306
SRR35320086_2	91.67962258081809	52.0	300.7225915402348	301	45.45454545454545	0.037306
SRR35320087_1	92.21757826628622	54.0	300.75174818148935	301	36.36363636363637	0.049766
SRR35320087_2	92.28589800265242	53.0	300.6895772213961	301	45.45454545454545	0.049766
SRR35320088_1	91.54247029027859	53.0	299.774230469511	301	36.36363636363637	0.041063999999999996
SRR35320088_2	89.46035456847846	53.0	299.8308250535749	301	45.45454545454545	0.041063999999999996
SRR35320089_1	92.42192572733175	52.0	300.6728839829923	301	36.36363636363637	0.047743
SRR35320089_2	90.55358900781266	51.0	300.73583561988147	301	45.45454545454545	0.047743
SRR35320090_1	92.94769148652256	51.0	300.9525398096255	301	36.36363636363637	0.044964
SRR35320090_2	91.0728582866293	51.0	300.79336802775555	301	45.45454545454545	0.044964
SRR35320091_1	93.40128350320876	52.0	300.59624386560967	301	36.36363636363637	0.05298
SRR35320091_2	92.2140430351076	51.0	300.7342487731219	301	45.45454545454545	0.05298
SRR35320092_1	92.29531862239637	51.0	300.3913040489448	301	36.36363636363637	0.072735
SRR35320092_2	92.37780985770262	50.0	300.92022410118926	301	54.54545454545454	0.072735
SRR35320093_1	90.98685050427677	51.0	300.41872845653006	301	36.36363636363637	0.039165
SRR35320093_2	86.69475296821142	49.0	300.63526107493936	301	63.63636363636363	0.039165
SRR35320094_1	91.50225660863958	52.0	300.61044487427466	301	36.36363636363637	0.046529999999999995
SRR35320094_2	87.66387277025575	50.0	300.72789598108744	301	63.63636363636363	0.046529999999999995
SRR35320095_1	91.0521532549945	52.0	300.57563896108036	301	36.36363636363637	0.062719
SRR35320095_2	90.9995376201789	53.0	300.9351871043862	301	54.54545454545454	0.062719
SRR35320100_1	91.45841271264317	52.0	300.23826680413293	301	36.36363636363637	0.089234
SRR35320100_2	91.58616670775713	51.0	300.9241208507968	301	45.45454545454545	0.089234
SRR35320110_1	89.20409771473601	52.0	300.4724669866514	301	36.36363636363637	0.041877
SRR35320110_2	84.53327602263772	50.0	300.7395228884591	301	54.54545454545454	0.041877
SRR35320111_1	91.94367308039895	52.0	300.40698992753744	301	45.45454545454545	0.060858999999999996
SRR35320111_2	90.87234427118422	52.0	300.9164379960236	301	54.54545454545454	0.060858999999999996
SRR35320112_1	91.43831777197674	52.0	300.1123300395573	301	45.45454545454545	0.062440999999999997
SRR35320112_2	90.98348841306193	51.0	300.86588939959324	301	45.45454545454545	0.062440999999999997
SRR35320113_1	91.34987521250045	52.0	300.0766267587803	301	45.45454545454545	0.055293999999999996
SRR35320113_2	91.59221615365139	52.0	300.8596502332984	301	54.54545454545454	0.055293999999999996
SRR35320114_1	92.09689976898237	52.0	300.57965002744135	301	45.45454545454545	0.078349
SRR35320114_2	92.08924172612286	51.0	300.91164533050835	301	54.54545454545454	0.078349
SRR35320115_1	92.46186903378069	51.0	300.6713868047483	301	45.45454545454545	0.056777999999999995
SRR35320115_2	92.5199901370249	51.0	300.9669414209729	301	54.54545454545454	0.056777999999999995
SRR35320116_1	91.4578826156745	52.0	300.36185358364156	301	45.45454545454545	0.057316
SRR35320116_2	92.37734663968176	51.0	300.9393188638426	301	54.54545454545454	0.057316
SRR35320117_1	91.77790605382783	52.0	300.1039847752363	301	45.45454545454545	0.055436
SRR35320117_2	91.92041272819107	51.0	300.90177862760663	301	54.54545454545454	0.055436
SRR35320118_1	91.76256458431189	51.0	300.7300082198215	301	45.45454545454545	0.034064
SRR35320118_2	92.10897134805073	51.0	300.93454967120715	301	54.54545454545454	0.034064
SRR35320119_1	91.04129625280956	54.0	300.3123972625717	301	36.36363636363637	0.059618
SRR35320119_2	90.52299641048006	54.0	300.60844040390486	301	54.54545454545454	0.059618
SRR35320120_1	91.84456027356329	53.0	300.5279788187643	301	45.45454545454545	0.060242
SRR35320120_2	90.97805517745095	53.0	300.81436539291525	301	54.54545454545454	0.060242
SRR35320121_1	89.90898930225131	51.0	300.73210389057425	301	36.36363636363637	0.037578
SRR35320121_2	86.27122252381713	50.0	300.7049470434829	301	63.63636363636363	0.037578
SRR35320122_1	89.68900633732169	51.0	300.50031808950547	301	36.36363636363637	0.040868999999999996
SRR35320122_2	85.50001223421175	50.0	300.75578066505176	301	63.63636363636363	0.040868999999999996
SRR35320123_1	89.9966431688486	51.0	300.5537738528675	301	36.36363636363637	0.038727
SRR35320123_2	85.05435484287447	50.0	300.6853616340021	301	63.63636363636363	0.038727
SRR35320124_1	89.36852561373634	52.0	300.33663970483894	301	36.36363636363637	0.035234999999999995
SRR35320124_2	83.83709379877962	50.0	300.7327373350362	301	54.54545454545454	0.035234999999999995
SRR35320125_1	92.61376126621235	52.0	299.0670014231005	301	36.36363636363637	0.086431
SRR35320125_2	92.63921509643531	51.0	300.90172507549374	301	54.54545454545454	0.086431
SRR35320126_1	92.21356918300526	52.0	300.4942798627689	301	27.27272727272727	0.07665899999999999
SRR35320126_2	92.02181087673985	51.0	300.9160698678564	301	54.54545454545454	0.07665899999999999
SRR35320128_1	92.3826371996826	53.0	299.44223890110175	301	36.36363636363637	0.076877
SRR35320128_2	91.72574372048857	53.0	300.5454427201894	301	54.54545454545454	0.076877
SRR35320139_1	92.28197308413307	52.0	300.30685347360173	301	36.36363636363637	0.07148199999999999
SRR35320139_2	91.88467026664055	51.0	300.91312498251307	301	54.54545454545454	0.07148199999999999
SRR35320140_1	92.56342167680727	52.0	300.5486490667217	301	36.36363636363637	0.07757599999999999
SRR35320140_2	92.02717335258328	52.0	300.896037434258	301	54.54545454545454	0.07757599999999999
SRR35320141_1	90.87502661273153	51.0	300.77105599318713	301	36.36363636363637	0.04697
SRR35320141_2	91.3370236321056	51.0	300.9604428358527	301	54.54545454545454	0.04697
